2000
7132
5111
638
7836
3809
1278
9578
7590
8245
5903
7611
4788
6810
1510
3564
3359
6412
996
4966
9801
5807
678
9175
9386
4146
1825
4869
9384
3639
2305
8130
1178
5102
2193
1739
1643
2965
7246
7051
2416
3779
5516
4395
3418
4869
9815
6073
5015
8501
210
3966
4891
8993
2883
5513
3775
799
9986
8190
4664
4361
241
7681
6235
7153
8032
8875
19
9254
1943
2049
8302
1848
9176
8699
6579
8112
4443
5158
8833
9849
6449
3882
2753
4101
1130
9517
4540
5516
9757
1047
3314
2938
576
8635
9440
8509
8
2596
3815
4997
5130
9811
1220
8243
7672
7343
1321
3195
7591
4342
5698
7867
2326
6726
3441
8277
6532
2211
6286
4493
9311
2156
2349
1396
9158
772
3984
1955
9418
7645
4814
90
7923
180
6537
7019
7412
263
3776
2014
2339
4064
6623
4173
4032
5980
4931
7655
4039
1531
4916
7358
8803
6935
6108
1580
3999
6226
2641
6330
6907
2584
3438
7754
8681
2193
4461
748
983
364
1696
197
8175
3128
104
4725
546
3826
7641
8670
4481
4764
599
2983
4433
92
8318
8103
413
91
1355
7457
4577
8443
26
8320
5010
1140
1232
1688
4080
4445
3548
5713
8392
4296
296
294
1477
8488
5823
9494
4529
434
2589
9500
6092
9785
6773
1907
9383
2203
3774
8439
8673
3291
3590
4540
2912
7309
9783
5616
8353
9457
5867
5657
218
6838
6295
3296
4741
5949
9370
8949
9673
5854
7055
855
3755
3113
4713
9044
3412
4546
2568
9935
2035
2007
1845
6466
2815
3012
498
5736
2487
881
6250
780
6818
7310
8504
9698
6150
7132
6937
5693
2757
6151
2705
1401
9273
4191
6116
8096
2386
2027
8914
7735
7318
4423
8440
7087
7996
8430
7139
818
1496
3284
2419
3295
5122
2990
5742
433
1906
5469
9829
8947
3179
7616
894
9767
2972
847
6451
4686
9598
4851
2080
7063
1956
2387
7477
1703
2739
3865
6491
7546
3046
1432
1050
3534
6054
5006
4863
9127
2877
1259
8614
1209
4982
236
9878
1697
4143
7484
2562
1554
8106
6483
3440
1462
8464
2006
7194
8317
281
6544
645
7044
2857
70
5525
6954
8925
7033
7594
4515
2192
8089
59
2862
4686
897
7320
3300
410
773
2147
9993
2985
8835
302
437
4324
6567
8358
9802
8258
7544
3607
1131
564
9475
9204
9128
576
708
7767
6708
5779
7401
8798
2348
9686
6298
818
8382
2913
3926
1027
4993
9186
8876
7001
2785
8599
1074
2919
9705
6066
7479
8298
4920
2832
2843
3293
4205
4786
6708
4280
9178
10
7734
184
141
8446
2763
4957
9112
7031
1104
3935
6331
7816
596
1655
2233
5454
4919
4500
903
5163
8519
8392
5094
1492
1141
2460
7346
1249
3940
8891
5521
5341
2949
6093
641
8181
12
7897
3968
8260
8663
1820
6652
6042
2496
9573
3530
8995
3856
5206
8234
3637
2279
700
9830
3148
4360
6067
2619
504
1603
7409
9279
9860
6178
8830
7585
2662
609
2536
7322
1668
451
4154
5783
8674
2095
4989
3591
1018
5127
1250
9936
9316
2977
5873
3512
7793
6136
4882
6925
6885
5076
7405
8598
703
3992
7128
604
2669
6685
9620
8878
5040
510
664
1174
1219
8427
5141
7160
962
7384
2772
7501
447
8858
4531
1219
3501
2092
1679
9276
7554
1108
8894
1861
5921
2919
6802
9670
5121
9133
8294
1797
8393
8209
8345
3138
6745
6825
8736
3785
2376
5289
4315
3907
5988
5516
9881
8175
5589
6218
4765
5344
1179
1189
5747
7343
6474
4370
6050
9538
3106
3471
7402
8896
652
8133
3052
7714
2433
5346
2630
120
8299
5888
7497
7022
106
1586
1772
7672
182
7792
6975
5438
8167
3697
5660
6036
8860
5436
4014
1269
5068
2514
6867
9614
7494
1662
3051
1810
4443
650
2760
8270
302
5616
7370
8620
3440
5720
2220
8459
9309
833
7765
3593
7002
8722
5964
1567
5386
5019
2903
1979
4087
8960
2292
6167
1545
241
2700
407
3077
8272
1029
1830
6057
415
1903
8217
8662
9866
8517
9156
5163
3312
9116
5648
9016
3699
5448
6547
744
6285
1226
5902
827
8571
3787
5921
6303
4622
4520
482
984
4737
9959
5610
1366
19
1539
6997
4916
8146
871
613
1584
206
2589
734
6172
6448
2359
4421
1588
4279
9610
3004
1278
9225
1042
9833
3108
4970
1532
187
1
98
2870
2610
8674
7692
8524
2221
1171
9541
1811
4820
5613
5959
9040
4576
3911
8707
2441
371
4934
7251
9967
9035
5304
7221
5817
6810
3672
1374
4693
4770
7870
7938
3100
6434
6175
5762
5945
4579
290
2743
759
169
9370
1509
6504
160
9492
7173
9552
766
285
613
7208
8096
4302
7067
7637
2737
8311
1276
6477
423
6903
6504
3961
4611
8325
1456
4237
6302
1849
5910
81
319
6453
80
3065
3259
172
6748
8055
1291
5129
8763
7644
5893
3194
2592
4611
8006
5314
8293
600
6439
8751
4453
9019
9184
7906
4732
8476
771
2302
5952
4171
2547
1212
2571
4374
4913
1105
5993
717
4247
1117
3472
8979
9881
9268
2961
5196
5841
3562
4116
4769
3162
6525
9027
3627
9528
7591
3974
7886
7896
5624
4540
9928
7375
3091
5040
3603
9472
6489
5273
4820
5412
932
607
8517
2582
6583
2552
2944
5590
6336
1625
5011
714
9753
1125
7167
7451
7296
7515
5055
3714
1329
6324
210
6057
9652
1657
693
939
6552
4833
56
617
6203
5917
406
7130
8084
4931
1940
7712
5036
4315
6636
3684
9002
1238
8949
9741
6656
6092
3339
4738
831
2709
1342
9920
4775
3482
8069
9100
3260
3098
9207
6993
4023
7754
9719
1377
8267
50
8220
9682
1470
6645
1123
1075
7161
1932
1460
7157
564
3878
6267
5845
8636
5015
6511
8180
764
1513
2996
5791
9135
5930
3889
585
3577
6379
6480
2907
143
7710
4877
8253
5115
6471
5541
6115
9330
338
1852
6728
1389
8877
3433
1979
178
6817
943
6386
9956
9134
5192
9235
9314
8113
5673
8924
8345
2083
5830
649
1602
3455
2152
8407
6439
9633
2597
1028
9780
4923
9003
998
7560
1371
8597
9109
7956
4344
754
6837
7339
2854
8703
6328
9268
9696
4210
5853
2003
8500
4861
4607
9752
3375
1766
8623
8601
3564
7917
2091
3537
2138
3251
801
3486
4907
9230
1218
7828
310
4050
4418
9879
3198
9567
6498
1872
3985
6895
7748
691
7918
8281
3547
1039
3896
4293
9552
2690
8225
9069
9043
5031
6943
3757
6880
453
9580
8309
8846
7714
4957
6801
6215
1208
2275
6372
5056
8206
8979
8855
5490
2958
1711
3498
4946
262
5338
1132
9180
1222
3157
1439
8625
4759
8163
6672
2238
3635
5565
8991
7925
6005
3433
6704
8188
8907
4620
3873
4290
8229
6098
3033
6329
7713
6553
3893
4462
8780
1908
8636
3128
7776
3021
9683
6135
2474
941
4401
9031
142
3579
9599
2180
4896
4651
6420
2211
4249
6154
3351
6284
3496
8363
100
9274
8543
7572
6363
6978
1842
8376
4743
5484
281
15
4157
6850
8058
7107
9741
4401
7598
351
7048
313
1756
1364
8156
703
1296
1748
5247
4572
6307
264
8884
5100
1472
3094
1078
6520
9058
8594
1980
3636
3593
2626
4095
3601
3891
1048
2141
7729
2180
3876
651
1901
7880
401
4383
5032
6091
2639
6746
8635
596
9621
1777
1162
8918
7680
7375
4227
7895
6129
714
2802
520
7106
8890
2636
1388
4916
1828
2077
2234
4783
2765
7267
453
2524
8578
8474
8203
8689
5642
2222
4499
6021
7224
8100
4680
426
7307
5295
5630
9006
4464
9453
3210
2588
9139
2217
4817
835
9966
2494
5168
8646
4109
5001
1111
5976
3328
2593
1946
379
2845
8252
6200
8015
1661
1497
24
6585
3568
549
1398
612
601
2226
8711
8685
1960
2645
5506
6888
5686
5674
1420
4986
2481
532
2094
9098
5287
1643
702
1603
1154
5790
5953
6197
8778
25
8967
1334
3578
3163
498
341
9970
6585
6103
2782
5667
5705
9377
2220
126
9480
7971
3744
9267
2283
6416
9588
6803
5497
3701
6106
6328
7711
8751
9447
4334
5336
5534
6304
4010
3673
1174
8115
2245
4347
4303
5295
9054
4003
6524
8243
3670
7900
6646
4158
4659
8371
6294
3331
9225
6403
2285
9119
8007
2709
604
1391
3197
9200
5083
7250
4548
3436
5636
8212
4212
1331
5087
2023
6456
4161
1884
1866
8658
8483
9633
3602
9229
9824
8211
8798
3076
687
9161
5906
2363
7848
2587
2007
9928
5807
1045
154
3951
6515
4529
8685
7881
8308
2649
1101
4494
8042
5092
7307
5535
5158
5556
297
4621
7643
4700
641
390
9236
7956
1976
4763
4208
9761
7090
9880
1957
7582
669
3898
9748
8237
2137
3293
2505
6649
637
7287
9845
3224
2177
691
2650
2553
6516
1565
7614
4194
9593
2493
2156
5766
2530
6184
5677
7557
4255
2281
4711
625
3803
302
6345
700
218
3065
515
421
1929
97
6648
3914
4248
4230
9909
5554
4689
7722
9278
9315
93
6020
3330
6118
1718
5764
8042
9035
7634
335
3822
2486
5294
235
7822
1640
8449
1889
8682
1968
9095
6074
3220
2405
4461
4086
435
887
7826
4933
1580
6060
9194
4324
9774
6860
8897
246
7075
5847
8134
8897
5486
5228
8723
4990
8400
8437
6551
9019
7255
5608
4945
3503
7524
3299
3855
30
4507
9243
7153
3996
6901
1724
350
5428
1057
5735
316
7278
4319
9555
4429
1953
4878
2982
2683
8575
4103
2619
4646
3861
8075
908
8756
2344
8963
3287
7084
5039
6387
4820
9045
6696
6651
6391
4418
7933
6520
3421
7430
4760
6388
8974
1365
2710
7970
4061
7261
7168
8001
7964
2885
2402
6861
856
8071
115
3451
7332
1490
3986
7005
3611
6138
8015
1698
8285
8374
6655
5352
2469
7640
5971
1947
906
6331
4453
2394
5612
9994
5096
5662
6322
7055
6499
7660
7261
1963
8852
4889
9706
2206
955
3943
4542
3091
5079
3414
6921
1195
2230
8019
8293
8189
8391
7521
2620
4017
991
3892
6054
9910
8978
401
3344
8316
4910
4872
5531
7555
5787
6061
7336
2334
2643
5797
2537
1400
3183
4575
3955
7452
4691
3573
6301
3820
7118
2331
4166
1570
1644
2059
7947
2099
9151
142
2438
8645
7974
5664
6328
6569
4937
5602
2701
3780
562
7015
9935
6481
9290
5996
9234
8712
7988
8186
98
206
97
5611
7266
1702
3571
1239
5444
8807
3459
9802
4128
2052
5209
4968
7288
2268
5976
6781
5823
6813
6789
8516
2350
3479
4779
5066
6894
8713
5273
4569
5442
2566
804
6014
1873
1694
671
9309
4793
6232
4043
1804
3232
2742
6621
6018
5918
356
5241
1045
4245
8123
1388
943
9395
320
6047
2902
1342
3212
6108
3588
4943
5385
582
9668
1636
9803
9789
6834
1425
7609
6221
6065
1205
2875
2921
5591
7572
2669
7987
8043
3532
8897
3291
2471
4616
8571
36
2811
5785
7347
3396
464
3414
3757
2946
2997
1832
8207
615
8821
3919
1660
1693
8562
2187
6042
1964
2485
7690
8346
3931
6661
5327
6307
2892
7485
7448
150
1539
6710
7048
4637
9270
172
6464
9020
8894
7515
72
2749
5982
1265
7767
3476
804
9044
2894
3323
8786
8533
6881
6685
5660
8285
8894
7342
2620
5138
8376
1900
4720
5016
3257
6548
8285
5951
1141
1505
353
3750
2527
6286
9559
1566
5559
5581
958
828
9417
7478
1740
6175
9484
436
2892
7269
381
824
233
1500
6026
2805
7247
8441
8722
6350
975
5458
2158
2908
1923
2696
7476
5459
3359
103
6114
4254
8371
3114
5140
7569
9305
7583
7782
1046
2416
8702
3796
2148
1887
1569
2939
6466
4785
7489
3792
2469
5052
2492
9624
5975
6449
3200
8584
3956
8007
4116
8856
212
57
1006
5096
3017
6370
3933
981
1311
3326
3809
5989
2166
1672
7409
9887
1240
9813
9420
4120
1591
7529
7833
7724
4864
4447
7784
667
3135
7504
1996-09-01-08:00
2002-09-01-08:000
