1 97
2 54
3 128
4 55
5 24
6 193
7 123
8 100
9 140
10 18
11 56
12 95
13 137
14 118
15 125
16 5
17 198
18 90
19 194
20 79
21 103
22 122
23 167
24 101
25 88
26 155
27 36
28 96
29 57
30 22
31 147
32 27
33 181
34 47
35 147
36 31
37 150
38 48
39 108
40 148
41 141
42 168
43 109
44 139
45 184
46 183
47 179
48 163
49 187
50 53
51 76
52 159
53 78
54 185
55 178
56 49
57 25
58 175
59 164
60 166
61 112
62 82
63 4
64 6
65 5
66 2
67 171
68 199
69 89
70 140
71 132
72 93
73 182
74 150
75 29
76 111
77 171
78 158
79 117
80 84
81 194
82 104
83 137
84 186
85 23
86 116
87 73
88 170
89 144
90 43
91 150
92 145
93 21
94 138
95 39
96 114
97 120
98 41
99 124
100 200
101 188
102 75
103 45
104 26
105 197
106 95
107 127
108 28
109 68
110 8
111 157
112 37
113 119
114 85
115 183
116 6
117 133
118 44
119 71
120 177
121 143
122 156
123 92
124 3
125 27
126 190
127 50
128 102
129 190
130 10
131 149
132 16
133 60
134 12
135 7
136 191
137 58
138 66
139 34
140 137
141 1
142 110
143 63
144 107
145 189
146 126
147 73
148 42
149 130
150 11
151 120
152 135
153 14
154 93
155 195
156 113
157 173
158 98
159 131
160 39
161 86
162 165
163 142
164 162
165 191
166 9
167 59
168 80
169 67
170 69
171 174
172 38
173 20
174 134
175 172
176 17
177 15
178 62
179 152
180 166
181 153
182 105
183 40
184 76
185 30
186 121
187 99
188 33
189 81
190 154
191 169
192 183
193 176
194 94
195 161
196 140
197 115
198 61
199 146
200 52
