500 400 100 10000
318 32
88 350
304 57
65 366
420 151
343 259
162 270
95 311
128 387
143 44
454 378
407 352
323 224
10 193
454 153
396 82
25 237
41 334
288 318
372 268
241 381
97 260
14 221
368 226
368 392
63 392
307 306
25 153
302 123
265 99
425 376
292 44
192 244
274 113
353 99
200 314
276 231
433 386
198 391
122 102
100 332
10 92
290 206
180 54
204 143
451 231
35 325
187 213
367 62
121 271
175 128
479 369
458 399
121 374
333 274
287 174
29 215
456 288
390 70
326 241
36 292
363 5
101 73
255 21
215 164
191 82
127 221
262 137
262 43
242 280
467 119
17 239
474 81
304 347
328 34
308 303
46 82
331 324
402 74
25 275
407 188
24 208
472 338
221 297
244 357
308 286
113 255
249 212
263 66
36 197
446 186
357 75
294 353
353 349
378 66
145 56
195 272
468 305
403 327
343 202
5 131
371 3
138 224
343 307
268 242
330 55
322 295
59 363
189 313
231 199
398 199
383 315
376 119
302 254
342 245
42 211
224 223
450 125
178 356
474 149
210 314
103 329
424 111
348 279
146 2
202 251
25 275
126 181
57 264
80 254
107 370
80 92
321 256
302 341
494 226
476 369
352 112
43 50
414 235
49 312
162 260
77 304
251 45
152 125
390 109
356 202
174 360
342 287
65 317
455 130
273 289
299 239
3 205
37 107
118 52
106 358
7 392
334 15
497 141
283 220
71 221
387 282
481 221
296 210
303 128
137 29
399 123
480 41
13 361
282 380
92 224
315 216
304 132
219 400
109 10
304 218
145 32
237 133
166 11
66 317
159 176
116 29
185 247
443 292
48 45
371 204
246 201
92 199
446 18
217 330
98 318
47 142
163 206
401 356
489 168
127 73
33 277
92 315
369 269
464 123
352 319
6 307
226 246
240 122
375 184
316 101
165 144
499 289
258 207
149 238
172 78
76 14
174 151
72 94
122 373
474 100
175 249
251 74
104 335
380 10
377 64
240 299
212 248
466 266
373 331
483 28
369 180
129 83
105 14
265 399
305 199
491 231
387 194
284 281
342 363
324 126
251 256
217 369
298 142
442 50
460 74
376 261
391 258
122 32
199 115
383 86
444 395
149 333
96 17
443 359
138 308
432 143
370 194
174 178
180 219
240 128
355 260
340 34
283 112
243 223
103 332
142 234
490 297
205 30
256 144
110 333
311 161
220 309
156 173
80 84
4 53
292 29
367 386
354 331
212 326
300 54
473 82
458 212
91 122
35 385
369 134
95 82
146 330
287 375
341 25
139 303
152 69
150 384
419 74
368 327
274 300
220 397
117 109
54 283
288 100
134 271
478 379
287 111
353 39
427 333
467 141
255 108
128 339
21 370
443 149
368 191
65 314
88 301
84 326
87 232
120 112
352 63
440 135
237 316
343 160
442 256
356 19
140 195
434 88
162 235
220 236
311 10
270 232
36 253
465 307
485 66
252 391
423 250
422 258
271 48
145 14
329 248
175 18
437 187
164 218
21 2
37 53
121 1
304 366
352 150
468 398
412 386
274 79
436 392
136 68
483 83
25 71
435 29
101 163
295 61
178 83
326 336
298 90
262 267
12 213
176 128
42 237
36 16
476 274
367 320
106 389
170 190
138 84
462 118
156 76
402 384
226 217
265 172
148 34
397 305
164 179
303 130
214 234
224 35
342 182
7 10
169 237
400 25
372 222
496 379
142 150
146 285
222 342
342 255
310 68
232 267
194 193
114 373
92 60
421 115
14 165
342 143
168 164
441 235
240 267
210 53
403 73
383 379
42 321
412 272
88 346
133 64
230 264
341 80
60 155
468 217
66 230
170 343
63 291
100 29
217 21
432 348
130 333
276 307
220 338
488 280
63 283
313 296
326 46
104 220
315 287
243 397
497 1
412 105
359 96
387 134
207 162
74 119
291 283
191 333
222 224
166 15
126 63
380 157
468 349
411 65
328 127
130 263
4 350
376 366
67 196
348 303
7 92
436 190
398 9
226 48
207 293
466 348
481 398
249 324
68 60
86 358
188 245
483 13
442 132
222 270
316 40
500 16
144 185
437 363
44 129
254 260
496 376
188 296
108 272
306 8
232 114
376 355
222 41
156 42
363 285
461 368
240 339
327 272
38 275
350 244
96 393
115 211
372 81
323 346
68 93
169 302
462 201
346 17
374 81
242 164
247 129
30 220
289 172
84 296
306 337
335 49
38 251
152 290
243 72
448 27
232 77
231 129
489 56
216 280
96 230
337 83
235 230
414 91
258 285
33 239
490 299
136 299
326 318
179 252
17 357
27 274
17 232
316 199
170 327
58 351
421 352
237 65
162 341
19 21
184 221
132 206
333 233
385 90
265 74
314 135
191 97
340 168
149 135
55 248
324 350
295 15
156 279
314 227
61 326
301 225
450 19
346 28
196 67
101 293
471 198
342 107
296 162
359 357
366 160
282 302
467 341
9 95
458 340
335 116
354 337
178 24
484 25
179 194
213 273
122 84
102 204
319 257
452 177
103 32
288 348
99 142
239 228
362 120
489 61
377 265
163 303
112 145
27 342
335 247
103 107
438 48
132 67
72 65
12 215
250 193
41 308
79 210
245 195
139 98
263 204
216 269
72 70
456 325
93 146
485 324
318 73
162 177
40 163
131 2
255 330
362 81
31 174
298 338
284 202
244 372
68 327
436 342
19 336
182 107
49 5
110 17
7 260
489 271
191 4
258 397
121 292
52 40
46 388
300 214
317 162
468 262
234 88
285 156
446 275
346 76
264 391
355 245
173 34
273 1
455 94
26 233
211 251
87 125
112 317
168 181
462 33
189 130
443 245
282 312
453 217
196 288
460 209
438 281
89 316
448 47
250 10
171 223
124 313
393 265
71 64
456 343
73 192
169 173
150 88
221 162
30 137
27 142
132 89
11 388
149 171
107 34
72 254
469 230
316 357
440 228
111 231
182 229
358 200
293 370
124 104
92 385
403 58
293 143
356 168
232 191
179 117
390 386
460 99
431 215
476 118
125 357
426 217
407 55
291 127
297 199
176 381
392 286
187 22
28 138
217 279
27 1
467 84
397 342
34 82
270 90
183 310
160 100
26 222
122 196
438 399
37 84
162 239
120 288
463 52
157 280
146 220
257 323
459 254
276 374
154 337
275 294
213 364
413 250
230 142
129 149
131 319
24 322
55 262
14 112
202 252
223 64
119 288
358 317
33 189
330 204
297 234
395 356
39 192
104 303
439 209
158 273
324 374
51 249
312 229
72 310
392 123
425 348
430 134
260 136
180 318
482 339
357 331
255 90
72 266
59 319
251 145
135 270
370 144
450 307
455 72
438 394
178 369
395 359
345 183
105 87
370 84
273 86
388 260
227 34
279 116
349 400
110 204
447 190
49 191
350 361
423 65
90 256
218 281
137 184
478 263
495 354
28 39
279 138
183 246
175 384
303 340
70 12
247 379
465 302
276 352
144 212
164 119
446 32
268 251
376 217
442 63
286 161
438 62
418 326
443 346
14 317
308 99
104 348
144 86
160 390
395 88
292 173
398 339
190 370
204 177
111 49
86 198
495 348
431 275
461 180
372 311
356 287
384 361
302 134
248 36
396 286
297 210
30 122
276 252
361 303
290 128
118 104
491 5
332 75
33 203
145 363
142 278
241 303
434 333
168 259
46 94
197 238
299 132
443 4
491 43
463 77
337 51
21 374
248 147
439 278
314 16
328 67
429 47
138 54
17 263
179 380
495 251
320 142
69 6
390 164
471 87
428 390
118 64
489 147
180 9
384 213
39 154
141 20
412 169
406 10
46 177
158 87
19 356
412 279
395 97
43 176
380 185
117 320
221 95
465 311
114 367
394 384
19 1
65 278
241 125
405 325
17 368
473 366
82 144
49 207
417 173
119 82
118 25
317 197
86 9
242 186
115 188
429 176
224 11
318 369
334 114
120 333
118 143
37 104
115 248
4 207
162 145
413 257
356 190
476 27
41 150
387 260
483 297
305 91
472 51
239 381
312 65
230 220
316 211
109 220
19 51
476 336
243 230
229 372
200 16
274 140
301 29
12 349
254 141
339 346
240 255
169 3
334 193
111 121
273 327
189 132
3 298
326 168
197 51
256 133
328 201
16 175
399 39
77 206
467 193
238 374
284 72
266 89
262 139
32 315
231 81
125 55
169 389
376 97
105 177
152 43
317 94
202 123
292 139
319 45
168 316
138 389
320 117
33 360
494 103
492 236
287 73
310 141
465 283
344 193
478 344
428 174
319 74
26 122
17 370
17 84
367 263
372 257
380 318
482 169
363 236
115 131
425 313
447 270
273 229
409 146
407 399
133 358
417 275
114 163
5 339
31 233
81 378
431 289
383 109
170 98
9 387
257 328
248 278
17 354
207 266
412 59
371 62
133 299
4 321
249 14
499 167
266 342
294 396
271 349
102 264
268 301
4 259
399 307
214 26
347 241
425 323
120 19
203 30
67 261
137 93
412 195
166 277
169 353
297 341
472 12
429 263
456 225
191 277
252 60
433 285
41 275
281 88
497 228
123 135
191 44
410 399
241 42
27 39
268 148
48 31
115 40
376 163
227 85
152 128
421 299
66 359
15 400
135 272
168 37
167 288
270 313
423 398
343 140
222 354
368 134
309 303
403 8
343 259
383 163
469 285
204 281
429 190
230 161
353 211
452 46
294 338
111 162
210 114
211 319
475 240
352 254
277 224
5 372
313 321
275 370
463 115
99 380
493 397
225 28
265 362
329 71
86 276
103 224
377 325
307 396
165 217
380 182
420 280
480 308
392 226
60 186
190 139
262 253
280 138
316 346
477 45
475 376
169 31
444 124
198 29
250 236
294 149
460 293
477 383
84 304
70 160
212 387
209 141
8 373
464 78
132 388
59 163
495 42
364 11
112 156
483 354
88 117
176 234
109 259
122 270
37 65
460 147
478 85
282 288
385 26
74 256
380 256
420 163
75 191
395 314
12 317
298 336
320 19
154 184
297 365
452 77
25 387
455 152
475 77
65 150
26 153
312 24
107 394
210 284
325 259
427 188
71 389
51 38
282 86
272 172
219 19
368 109
315 118
282 132
57 59
185 95
320 224
189 227
470 139
22 301
492 209
86 268
447 35
447 382
273 59
413 360
36 41
289 314
336 55
107 97
300 211
307 399
111 62
386 200
191 256
403 255
374 206
328 113
395 111
247 143
127 140
40 82
168 262
344 58
110 252
426 120
480 332
158 76
141 202
323 113
59 304
366 104
52 229
455 275
138 147
258 62
262 371
307 3
392 359
78 238
48 303
72 47
155 128
36 221
429 165
134 67
81 322
298 188
245 41
286 255
40 1
239 76
165 196
344 343
453 311
75 180
56 319
326 4
277 303
247 188
176 323
418 99
468 43
89 301
225 19
229 161
226 299
448 219
408 155
208 100
248 22
114 337
260 274
412 26
232 103
97 14
449 165
404 341
37 155
156 70
460 37
446 331
31 262
283 306
399 231
68 52
364 382
163 123
327 354
152 16
352 221
343 339
220 388
32 335
334 228
460 300
1 285
126 199
281 131
495 319
221 322
69 113
116 82
222 279
19 395
267 364
15 395
430 259
226 69
417 249
112 141
260 375
286 226
366 301
262 314
147 156
210 36
444 146
13 154
355 203
295 342
49 118
143 102
77 70
243 179
175 170
168 110
389 144
296 348
457 389
376 228
383 175
9 342
388 159
412 239
439 161
352 330
486 134
317 297
85 132
247 180
279 332
461 97
33 285
478 68
83 263
112 297
391 338
463 128
221 144
368 312
125 384
159 384
31 388
469 74
296 38
450 288
431 118
298 299
115 215
286 354
392 139
114 16
172 236
188 74
495 109
211 31
181 368
150 352
27 73
187 65
368 178
103 17
498 128
106 359
407 311
138 333
461 218
109 226
270 261
500 218
387 110
467 153
115 73
497 209
247 59
374 247
233 145
392 28
37 243
202 155
458 51
228 158
293 378
447 70
307 37
255 123
72 155
474 48
16 195
146 315
157 3
323 36
169 28
271 315
2 325
254 143
395 212
482 205
284 84
130 69
185 84
276 339
83 396
193 156
51 326
8 327
423 10
447 319
234 281
201 358
76 287
14 220
390 339
65 336
331 49
479 247
115 26
393 11
183 106
239 229
129 58
230 189
333 198
43 129
64 194
377 261
335 25
158 186
160 103
376 114
185 231
470 307
121 383
132 106
296 235
314 385
41 151
233 36
405 305
462 1
301 286
233 255
284 316
445 320
232 247
53 249
98 144
162 321
40 107
330 312
274 152
4 27
87 325
405 229
321 82
11 280
439 340
435 124
122 350
256 71
214 109
270 14
447 211
41 138
483 150
22 15
398 42
215 89
111 236
456 160
277 285
14 78
388 213
477 104
360 198
455 96
136 136
303 8
369 182
411 329
482 84
143 103
308 84
38 341
59 340
311 325
41 9
336 147
268 322
174 3
106 166
454 376
31 304
434 390
103 348
290 394
20 50
413 217
162 195
335 358
33 129
153 72
399 20
103 331
219 10
160 118
237 14
415 221
71 157
37 167
283 5
402 227
382 399
5 182
112 318
50 40
196 8
106 17
335 389
446 110
389 358
383 104
112 23
158 231
375 200
198 290
69 232
143 74
350 275
445 344
41 319
240 340
384 289
259 88
453 165
418 164
161 205
416 67
442 345
48 174
301 120
472 31
8 14
111 217
408 279
156 198
490 172
308 305
437 339
126 197
440 203
41 341
156 216
26 126
60 43
224 250
171 102
104 342
465 143
60 166
82 371
251 56
352 125
202 86
467 55
118 272
409 32
189 185
498 78
445 49
186 150
443 259
82 250
236 127
497 18
482 267
94 398
276 342
404 299
379 365
53 20
408 289
288 155
46 72
315 168
30 20
392 209
199 97
366 395
435 34
474 112
447 63
174 369
470 200
13 157
178 157
244 243
494 272
161 149
35 347
435 254
367 207
101 5
70 396
322 290
233 232
120 272
73 362
320 147
198 22
429 205
179 238
396 156
371 198
464 165
232 216
225 263
171 58
395 25
212 317
60 278
323 167
317 187
287 339
465 285
91 312
258 16
310 23
297 182
463 121
216 196
185 89
23 12
151 205
168 134
20 186
350 96
56 72
63 184
330 68
116 231
369 262
490 112
276 354
7 201
87 146
363 106
23 36
131 372
109 160
473 340
274 301
237 103
285 292
211 368
485 388
179 184
484 8
238 181
92 342
53 350
22 330
431 334
221 99
162 344
112 187
214 218
262 284
37 180
180 257
198 346
348 203
132 72
317 70
197 359
87 363
236 125
208 39
69 361
227 12
391 47
120 230
182 288
316 129
265 335
451 345
381 303
291 386
388 113
175 153
221 316
400 58
93 77
282 131
312 274
374 281
172 162
22 250
255 80
117 259
443 31
429 82
207 231
35 335
131 312
258 39
476 367
179 297
357 183
307 69
14 34
233 240
365 189
195 223
353 329
93 156
375 278
6 361
343 155
281 104
267 297
324 166
456 289
343 211
7 4
217 145
492 91
221 58
429 105
119 296
290 29
208 191
244 156
464 398
256 14
261 6
257 376
170 9
236 170
258 248
35 138
15 214
115 33
338 320
119 372
299 113
278 278
320 304
420 92
115 221
465 237
16 106
81 98
138 45
117 110
6 350
153 25
343 266
130 113
70 248
323 194
404 364
393 55
216 174
420 319
185 74
287 163
493 105
472 374
58 48
173 238
196 104
234 35
495 222
361 38
310 203
166 372
105 71
430 26
371 106
118 251
75 339
396 112
63 300
378 256
437 349
378 192
309 80
245 108
472 197
298 118
296 391
425 382
128 351
137 228
53 376
411 186
384 98
124 269
30 235
456 133
62 346
492 59
210 206
25 251
449 119
446 266
447 83
85 138
265 252
256 123
90 320
277 100
410 385
146 210
395 173
483 272
497 241
438 216
494 58
500 41
414 252
45 218
75 231
211 221
84 358
500 103
311 58
157 240
64 23
36 166
49 156
84 311
83 265
218 398
382 332
16 365
131 189
339 237
457 235
494 194
2 149
49 146
131 222
271 198
35 107
384 111
10 194
275 313
494 230
324 268
273 384
481 288
308 139
259 311
9 286
478 274
122 289
467 228
495 272
54 231
171 77
148 78
163 42
37 283
471 360
399 291
57 266
83 142
167 237
116 227
415 108
248 307
141 127
357 244
93 131
433 50
81 16
54 81
497 183
145 70
357 363
144 39
307 50
405 144
369 27
49 295
297 338
129 98
296 177
343 183
412 122
29 356
26 275
473 224
154 352
224 34
291 199
29 1
82 320
460 12
138 268
316 347
287 232
248 53
16 50
321 307
421 331
9 37
61 205
10 132
327 222
369 103
455 326
449 218
259 365
303 172
434 41
296 327
441 151
9 118
197 344
149 130
476 382
85 349
15 182
123 371
131 344
329 301
263 253
460 72
370 17
70 342
149 217
101 132
131 167
165 299
7 315
117 378
17 44
13 244
453 7
6 262
500 7
323 252
136 151
83 69
335 212
406 212
19 293
236 104
420 287
207 238
349 212
441 197
408 125
398 210
172 72
11 374
288 275
419 381
426 9
497 359
389 92
302 365
175 53
400 236
153 264
11 6
96 107
299 378
60 72
351 32
211 224
185 57
169 19
229 342
61 382
310 8
426 180
294 152
58 176
453 105
331 121
194 74
160 327
461 160
310 341
296 292
377 136
468 9
468 383
410 256
400 140
290 367
188 66
231 191
76 126
220 165
107 91
451 116
385 225
230 337
311 30
6 7
177 104
264 380
100 321
197 212
77 315
206 100
40 318
236 297
373 233
416 90
58 267
423 144
267 180
136 41
492 194
392 279
173 268
364 190
370 392
190 196
181 319
198 241
245 318
96 342
221 303
433 32
263 327
358 253
463 145
180 350
114 331
306 141
420 383
411 193
254 118
112 31
36 56
33 19
42 102
131 160
208 107
321 372
235 32
45 207
66 400
490 278
45 300
135 291
193 191
282 335
216 4
182 387
54 55
235 139
152 361
364 317
180 88
417 24
345 382
77 223
360 201
197 216
464 11
171 353
106 99
370 99
240 236
478 25
143 276
146 130
446 271
384 133
333 317
209 357
82 42
318 373
450 180
322 29
131 210
369 78
473 3
452 307
283 325
114 296
211 295
231 95
109 81
87 353
23 242
1 82
209 42
64 120
439 57
5 125
155 40
226 371
229 311
395 87
148 54
140 377
291 40
38 11
331 261
69 313
107 31
70 279
150 385
360 65
238 351
115 277
242 263
311 247
182 376
219 169
374 164
342 15
234 30
154 324
161 4
28 300
204 174
17 217
150 311
368 50
400 28
207 160
81 243
278 251
452 254
121 181
140 16
289 245
413 175
394 375
468 42
499 113
91 397
19 217
334 35
119 245
457 251
404 99
251 254
422 11
430 368
92 34
232 277
482 336
213 279
213 388
62 37
355 118
198 221
283 237
283 12
393 163
259 357
256 165
191 33
391 335
228 279
383 40
444 221
435 74
163 349
17 69
19 218
128 275
161 21
401 239
277 363
435 66
47 322
93 63
79 340
334 208
274 218
87 271
310 173
320 297
447 297
58 352
151 340
278 65
39 253
170 214
100 392
416 332
145 361
323 263
361 158
58 164
187 194
78 303
96 288
39 23
297 245
398 79
274 249
194 246
442 111
37 249
271 330
400 87
496 34
129 134
222 328
263 324
172 151
271 176
111 139
390 154
368 87
379 249
439 81
459 395
132 192
190 338
47 297
183 109
434 38
275 212
82 313
150 121
18 112
162 363
58 329
365 140
170 391
152 261
167 229
49 137
494 107
165 200
457 143
454 53
141 381
69 329
96 138
274 137
167 37
292 166
255 48
114 180
61 334
450 253
250 45
173 278
32 37
7 291
494 65
365 295
422 206
364 222
157 82
423 238
183 96
280 58
144 8
255 122
290 100
12 56
484 336
162 44
102 105
393 394
190 122
201 370
359 185
198 314
46 270
484 198
486 240
14 219
295 198
457 144
194 366
364 135
80 338
411 173
134 231
157 144
207 8
254 97
262 52
313 362
18 131
104 162
155 46
49 238
207 352
281 298
93 215
160 329
384 79
92 313
335 18
489 91
315 72
12 258
94 117
174 377
143 132
201 41
38 78
9 123
122 112
104 236
383 331
142 335
225 173
58 135
234 305
134 68
379 18
457 125
186 278
387 368
422 169
49 38
431 135
86 282
332 158
116 299
90 178
15 288
183 339
446 124
435 141
36 195
153 63
27 251
450 94
327 134
13 282
276 287
479 80
243 83
361 146
434 178
210 181
291 149
266 9
143 275
319 206
143 319
360 309
307 292
337 132
7 399
132 204
333 147
181 284
126 388
454 231
122 266
449 38
143 167
28 49
345 348
175 144
145 205
117 143
256 98
34 241
453 192
252 342
493 295
104 368
470 140
264 226
207 330
213 213
224 225
286 80
51 400
318 383
240 277
341 271
234 166
297 21
123 293
236 356
184 341
433 243
267 204
418 318
283 58
1 27
316 281
188 144
196 101
382 292
466 173
454 99
292 170
178 22
354 160
148 354
97 68
216 383
24 349
283 332
366 45
494 273
436 305
413 54
306 391
269 226
493 16
228 38
302 38
397 251
173 352
132 185
22 100
482 266
180 316
96 222
184 140
340 32
408 226
401 248
45 271
72 99
446 165
374 144
286 114
216 12
160 348
129 273
108 317
287 346
32 34
225 10
397 14
383 62
372 148
366 304
45 196
78 205
497 21
417 105
345 229
61 258
282 109
397 242
7 89
152 25
467 342
119 282
204 396
396 308
319 14
338 228
209 47
241 360
460 137
279 376
284 355
360 395
235 84
375 174
488 285
220 17
465 357
275 205
42 363
398 41
156 94
447 296
64 304
396 229
347 329
356 370
431 88
335 45
23 351
104 388
171 64
450 378
67 386
280 187
485 169
378 220
205 5
133 38
492 233
224 117
270 95
152 348
444 58
33 171
150 268
54 372
238 9
402 218
273 187
360 171
14 216
340 16
180 33
148 226
323 396
450 319
234 52
406 141
227 111
366 159
119 385
356 326
152 352
172 137
208 375
195 87
344 110
63 236
89 314
339 35
253 65
346 140
18 17
167 302
378 113
136 366
174 24
111 369
73 205
12 174
75 30
164 215
423 373
370 393
217 184
96 34
139 128
340 291
482 236
451 343
355 375
493 163
176 135
459 349
321 232
490 146
391 168
153 194
324 244
240 207
194 275
5 215
32 257
211 157
31 255
10 95
382 393
479 19
492 168
472 67
181 345
97 172
179 365
280 289
82 306
274 5
430 355
159 57
145 204
92 162
112 320
331 255
73 78
484 121
70 305
493 219
60 104
410 149
311 69
438 252
156 324
377 224
386 400
153 105
4 73
485 9
408 334
438 224
20 187
171 364
104 157
99 285
357 148
471 57
451 394
149 336
458 371
66 178
286 341
124 176
85 331
491 65
235 308
216 6
489 113
62 224
387 352
97 48
290 210
352 303
218 51
403 319
139 331
73 114
427 368
90 217
95 47
476 64
277 107
76 248
106 4
359 229
163 172
14 265
109 54
305 16
134 398
245 291
286 294
112 56
208 45
380 78
371 14
270 153
76 190
10 204
491 227
220 74
274 129
369 73
478 373
314 105
55 69
206 52
406 247
150 310
401 322
438 319
413 387
150 22
243 288
158 96
393 194
385 370
462 142
16 131
436 276
86 325
233 348
39 118
140 334
85 386
181 161
123 139
156 391
392 219
258 215
430 73
117 74
188 299
357 393
308 299
38 199
161 173
200 28
416 368
44 177
465 34
293 195
137 313
159 162
406 336
3 121
22 334
427 254
131 187
394 394
304 212
387 72
184 155
128 218
487 106
74 129
408 31
72 226
99 172
406 188
285 143
17 152
48 37
103 322
421 107
309 135
31 21
43 367
306 322
53 333
112 208
431 133
358 396
142 270
390 189
77 120
304 2
120 207
79 136
256 112
290 288
443 283
58 193
417 74
453 177
375 138
26 135
404 68
409 308
66 349
70 59
261 296
156 154
44 308
162 223
230 116
266 173
37 127
397 80
493 233
445 94
313 322
421 14
37 270
59 381
435 52
43 398
211 75
67 353
216 226
296 280
393 222
444 182
201 393
406 9
475 41
33 362
468 111
77 339
105 241
394 400
348 299
422 280
442 369
381 142
214 360
175 99
396 86
187 94
57 22
5 223
194 320
73 208
467 25
493 237
421 375
339 86
237 120
336 210
135 196
284 294
167 111
16 183
479 307
363 364
425 46
228 119
482 344
40 326
11 216
407 325
223 39
437 134
310 181
185 148
201 314
310 164
49 16
73 60
380 63
194 25
169 361
73 156
296 232
299 52
314 36
57 242
450 89
86 377
124 344
105 213
176 173
349 237
114 306
70 188
233 17
250 348
2 63
46 244
251 120
31 68
167 133
152 157
195 261
68 359
474 203
468 45
293 132
443 316
425 316
201 172
329 114
261 78
375 248
385 23
231 127
105 187
406 323
404 190
216 339
252 295
272 389
113 278
246 199
488 103
359 376
196 151
424 344
37 102
89 109
335 286
440 55
176 339
216 23
261 188
500 92
430 241
206 125
190 69
358 302
466 246
67 285
488 147
435 284
279 381
254 372
375 385
351 87
87 388
252 375
175 288
427 102
210 63
277 173
9 165
178 49
244 130
317 370
281 376
241 390
38 283
260 262
223 263
327 55
265 310
287 28
101 385
306 234
320 230
28 156
458 236
384 328
345 51
386 129
15 79
347 271
488 247
307 204
97 152
393 207
259 16
403 159
197 328
408 336
375 289
316 98
323 210
151 379
342 208
325 353
98 352
487 13
419 89
405 220
186 78
304 40
469 362
426 278
389 396
130 273
380 325
308 55
463 208
11 322
231 178
70 138
209 82
23 89
12 234
112 400
218 286
440 232
451 77
332 395
341 86
98 387
387 397
484 147
437 206
461 198
92 208
297 308
498 382
315 252
263 178
64 62
353 83
413 312
77 65
31 84
455 222
102 176
140 207
332 62
310 3
460 221
392 323
31 88
383 219
113 237
92 24
171 96
58 163
228 225
142 333
357 219
402 219
357 47
199 196
457 288
382 23
93 96
452 387
303 300
253 354
63 195
2 85
159 253
466 214
316 361
28 202
382 7
321 181
240 295
11 211
470 274
189 116
138 40
481 103
494 233
499 202
309 328
119 145
63 316
18 277
73 329
465 95
488 352
321 69
358 194
377 340
64 138
38 288
73 251
1 215
258 375
483 172
117 51
453 131
120 56
56 122
73 309
105 157
282 339
443 199
254 49
473 129
207 131
34 211
228 45
333 47
103 128
489 27
333 307
57 197
416 374
480 211
362 19
276 328
88 231
460 286
411 239
247 64
206 70
351 150
428 382
231 135
460 125
48 138
279 250
206 78
324 312
257 315
423 338
250 264
358 279
228 207
47 57
246 189
52 112
18 350
287 197
274 89
158 107
383 215
358 240
464 394
190 245
264 44
235 218
425 101
413 110
335 2
405 85
336 18
497 395
490 306
79 327
136 27
305 116
9 266
296 364
353 257
172 134
500 381
363 322
212 72
114 370
493 287
152 283
271 262
296 140
116 26
194 223
229 231
477 173
370 155
167 87
15 11
124 34
161 294
27 83
60 7
55 331
343 366
41 116
43 32
443 333
439 206
376 371
43 84
21 33
70 291
436 344
98 337
174 258
299 212
3 139
32 259
488 23
212 392
454 106
432 214
431 54
295 235
384 297
254 102
410 296
419 344
97 73
420 238
255 272
370 158
116 332
419 271
425 290
425 158
158 59
460 79
493 394
434 320
367 352
496 180
385 115
283 175
248 28
193 269
256 353
54 376
19 147
482 282
112 152
291 335
46 299
263 14
219 98
128 234
153 128
303 356
151 268
86 324
403 147
96 232
283 74
245 267
181 246
299 89
403 335
44 18
127 98
313 334
367 358
406 96
445 33
467 46
25 364
2 159
191 132
202 102
474 51
496 335
309 254
180 55
382 256
266 176
184 264
281 373
353 78
344 331
259 379
51 185
286 153
60 154
51 57
87 144
328 244
247 123
227 100
370 26
255 244
198 353
313 101
112 123
92 210
406 338
191 374
88 334
142 109
408 186
467 392
331 77
338 101
217 151
268 207
188 10
196 273
432 332
386 113
22 138
356 59
175 190
78 26
346 148
194 14
82 378
272 107
213 150
126 47
356 348
343 198
156 240
37 241
144 137
124 68
427 55
381 239
356 135
139 208
97 100
41 6
434 224
269 105
322 131
7 24
122 114
408 99
28 68
304 155
165 1
22 102
247 141
332 55
274 292
103 158
117 325
371 300
146 154
411 379
493 26
436 256
232 61
333 173
455 6
448 396
388 16
138 49
32 188
103 157
8 381
381 80
141 296
394 127
367 85
269 246
257 91
266 223
126 108
31 292
373 268
29 33
343 376
491 30
37 36
407 268
208 150
175 13
162 241
111 8
441 132
195 173
166 245
468 71
482 24
158 384
371 164
332 201
318 279
239 282
260 313
104 262
99 95
213 163
246 33
222 297
184 360
16 222
285 63
468 361
181 234
152 166
401 28
254 326
246 269
344 50
460 262
119 290
216 91
329 351
482 55
238 267
3 62
496 80
314 335
65 71
74 281
188 26
399 113
205 43
416 240
361 391
401 321
58 197
176 252
276 323
233 188
269 147
425 392
292 322
4 400
64 170
311 326
307 216
76 400
5 160
85 107
275 63
201 274
212 18
320 255
450 261
397 176
500 63
422 222
451 364
189 10
302 74
337 57
266 152
102 370
29 140
164 133
15 244
220 191
223 351
78 235
304 158
91 139
499 373
470 311
246 342
325 388
193 63
136 153
320 2
198 383
234 7
230 375
168 125
244 16
245 294
416 217
21 20
479 68
111 238
85 379
115 72
222 103
163 386
391 319
314 319
276 366
119 88
131 248
287 114
140 174
277 142
271 384
213 272
381 99
455 50
214 67
421 154
74 395
252 185
292 82
359 197
63 24
460 73
487 289
315 203
395 321
328 223
83 41
152 90
200 241
267 234
311 311
225 68
394 343
7 173
261 27
155 285
409 4
382 321
350 394
392 128
350 160
253 33
259 220
75 27
265 342
292 44
366 366
477 46
118 3
288 295
459 129
170 48
48 91
283 152
79 346
86 346
1 100
184 396
249 272
109 153
221 57
353 338
36 113
364 64
302 104
267 125
86 221
497 196
69 212
146 390
468 57
126 159
428 356
101 40
431 46
310 158
330 51
50 34
52 391
191 387
50 382
428 73
273 295
423 259
448 200
492 19
79 160
203 120
98 185
225 253
494 141
199 240
244 395
332 22
312 361
500 189
157 12
32 178
194 262
396 211
244 63
391 328
481 247
169 398
332 251
355 227
58 150
455 121
237 266
154 117
250 111
222 231
273 315
455 79
451 194
96 14
407 48
222 267
209 165
73 375
71 257
140 19
15 224
454 400
52 7
39 384
485 122
360 178
43 250
457 357
3 180
409 21
73 19
354 253
373 147
234 179
492 4
465 124
303 171
107 371
355 213
346 284
306 170
262 58
324 164
128 82
221 386
225 238
311 41
184 278
418 42
107 364
354 154
450 327
253 366
245 163
306 357
288 391
353 362
351 343
436 330
386 11
333 371
413 335
473 14
360 316
8 302
271 359
238 329
340 56
229 39
369 62
76 264
223 98
360 267
131 105
376 253
264 381
35 46
369 190
73 250
409 245
316 314
477 42
452 39
335 238
260 348
280 376
260 308
38 5
197 312
38 325
9 98
70 28
230 53
363 86
251 27
83 155
380 383
450 196
304 188
62 253
212 133
39 219
397 343
452 239
457 396
370 113
376 277
443 235
333 378
3 341
232 37
179 45
464 384
303 31
328 98
245 249
101 370
90 2
399 157
287 167
21 131
435 192
268 311
241 77
476 347
20 395
399 315
366 325
358 344
466 285
292 185
490 11
261 141
24 37
20 260
303 272
265 366
388 245
314 195
317 88
106 85
313 389
150 243
473 60
499 320
191 383
65 3
138 73
431 288
409 161
163 167
359 30
131 251
494 318
392 294
329 347
398 124
11 172
373 188
456 397
294 55
418 360
288 394
358 195
95 29
216 175
45 370
367 32
234 248
328 228
206 341
110 312
375 350
354 398
153 200
330 62
168 33
10 390
451 158
208 274
112 277
279 173
162 220
237 182
44 33
203 22
260 155
174 368
481 353
476 138
405 202
209 300
477 324
410 103
80 25
337 168
326 367
262 252
262 79
458 38
107 153
358 95
176 293
470 253
345 157
34 279
492 121
457 344
287 43
65 194
279 92
118 54
182 7
490 305
322 213
500 8
18 280
467 39
333 44
194 230
27 138
62 382
354 31
259 107
46 124
250 290
240 336
306 52
245 83
210 339
281 196
187 245
186 118
211 39
271 374
429 308
168 336
326 198
359 114
114 108
352 305
51 365
118 219
83 123
462 157
480 251
203 390
1 37
26 203
42 167
226 204
112 335
451 359
366 72
340 140
144 244
279 321
286 123
461 214
175 35
253 284
54 129
385 337
468 351
338 303
112 190
363 167
104 94
105 279
424 236
21 292
123 314
246 308
208 325
49 250
235 195
423 183
193 252
246 63
78 60
394 219
344 229
273 45
311 217
168 201
279 312
320 369
181 231
450 129
109 323
55 365
231 84
247 312
393 357
206 7
329 275
351 117
400 164
476 104
29 105
262 259
410 119
87 253
28 243
434 354
78 249
55 126
385 54
154 35
41 257
182 317
336 294
406 98
153 158
444 102
247 159
70 159
329 175
32 341
250 46
232 25
414 341
146 184
5 297
212 271
260 21
412 145
325 151
263 391
214 169
322 23
366 67
479 329
287 79
415 22
262 301
485 17
19 360
137 394
320 89
38 241
298 251
185 264
375 383
339 396
198 384
357 261
370 217
93 316
56 229
283 157
183 183
281 381
314 12
477 301
157 382
109 208
216 283
15 281
49 149
41 121
334 363
287 280
326 375
175 129
464 233
62 195
232 21
360 52
111 280
85 225
369 260
73 269
39 46
259 115
211 165
52 82
240 183
339 7
387 303
499 19
98 319
210 173
466 159
184 100
358 389
251 296
34 214
53 9
13 380
158 304
459 185
207 333
2 218
99 208
195 63
114 364
324 90
192 232
79 54
165 394
115 12
55 238
72 55
81 349
13 275
134 60
316 292
440 138
337 10
304 25
384 122
291 11
334 158
414 80
31 108
115 48
181 117
122 291
439 304
471 25
136 22
320 295
358 47
273 239
330 173
386 196
118 134
441 188
104 8
192 102
229 376
453 29
266 156
157 62
157 138
30 151
383 400
141 353
437 38
146 352
165 224
348 104
246 89
64 338
247 172
370 111
283 356
151 28
461 71
321 391
390 319
263 48
387 265
116 19
121 353
483 54
242 126
408 238
434 25
305 215
318 4
137 388
343 361
193 339
474 208
499 325
490 76
395 105
110 37
443 296
168 360
6 268
176 110
238 96
464 19
221 326
460 172
217 349
255 299
22 238
500 112
271 54
419 66
164 8
290 20
132 127
211 275
341 287
444 68
157 317
333 124
234 224
212 201
364 251
364 104
50 241
190 312
146 362
28 159
344 215
50 59
232 19
159 203
23 330
198 63
423 190
412 317
394 232
492 342
134 44
340 344
105 272
133 261
118 78
102 276
186 183
373 107
230 108
107 312
120 190
497 257
113 171
453 378
63 5
370 165
309 196
439 308
369 35
343 144
220 279
55 398
149 367
79 47
277 205
244 198
490 340
397 159
299 209
384 335
39 399
115 135
6 70
108 108
353 164
221 12
488 334
411 313
204 88
174 202
342 340
72 19
434 376
274 273
364 371
36 219
36 97
82 326
348 333
69 71
378 102
283 62
3 101
405 273
376 62
295 262
443 85
215 390
132 371
63 14
419 73
53 152
413 180
324 138
187 290
444 284
70 260
389 207
49 292
260 157
279 120
35 12
417 152
298 71
223 173
281 62
386 154
311 237
381 336
472 139
110 28
288 115
476 388
176 296
110 306
164 293
223 239
261 34
139 276
31 110
397 269
219 329
383 143
43 161
41 124
166 129
210 132
310 20
263 78
359 240
442 136
2 192
98 299
421 178
187 354
397 99
496 156
481 296
267 96
481 94
345 113
126 308
351 306
420 199
416 299
466 14
36 397
281 280
416 323
275 227
139 201
229 382
449 305
251 369
398 388
247 251
97 246
385 172
97 381
453 37
343 355
33 332
389 298
241 68
311 239
92 93
313 226
365 183
108 357
258 93
140 355
163 368
256 340
250 353
248 142
173 132
36 93
213 1
465 134
50 12
266 184
256 55
63 229
496 279
372 32
237 244
360 358
208 293
136 50
378 12
411 268
41 333
106 370
434 197
464 26
269 152
420 102
157 59
141 265
46 356
67 153
308 95
359 213
58 322
131 41
199 275
359 128
140 41
287 345
398 224
126 221
421 144
230 112
269 384
413 214
368 55
99 152
64 20
477 359
86 239
294 352
191 240
136 145
54 398
197 123
159 90
123 152
459 93
308 271
107 238
370 149
205 297
497 71
480 189
58 261
287 37
297 161
410 329
290 72
260 101
273 80
44 299
434 115
225 53
118 378
500 29
311 62
265 384
177 187
40 208
146 7
390 394
454 136
373 13
161 263
375 399
230 155
204 325
29 225
11 74
318 102
41 40
417 38
407 191
41 279
57 243
281 103
2 58
237 83
136 167
357 43
447 336
399 162
153 391
107 362
156 39
247 191
296 60
492 290
307 40
322 73
342 372
47 277
112 340
446 228
104 254
377 248
320 92
49 152
165 176
122 230
146 360
283 305
351 354
446 91
384 273
303 222
290 320
429 138
342 342
386 290
270 219
408 40
179 139
488 262
431 169
166 79
155 165
197 148
220 113
267 64
449 94
425 240
101 128
464 313
332 293
164 134
334 290
60 356
102 322
345 217
479 391
109 225
149 17
405 57
204 397
266 320
43 171
161 301
66 341
444 21
250 391
468 254
387 96
289 134
301 57
349 196
304 214
415 302
355 139
497 333
295 129
345 366
139 346
176 331
391 289
123 26
34 372
49 372
472 54
293 392
200 17
45 240
164 249
56 117
94 343
252 15
491 324
279 63
483 20
99 305
268 229
115 92
218 88
245 28
210 31
364 162
410 280
187 121
449 89
51 300
322 12
267 199
402 221
282 140
345 242
84 359
182 170
214 3
47 201
420 94
119 3
104 170
302 54
237 230
201 398
232 221
499 227
369 29
486 165
73 123
198 347
210 244
431 232
24 375
233 335
331 322
333 185
157 346
254 341
125 79
48 47
440 175
356 387
47 265
56 244
452 341
54 264
486 130
239 374
156 288
456 4
465 112
377 202
209 249
376 394
206 92
472 116
129 393
483 115
44 16
496 354
356 145
79 232
416 61
338 23
436 109
435 112
359 317
494 270
249 32
265 277
144 326
266 341
381 33
24 36
38 84
128 219
90 365
389 350
388 69
74 258
360 181
83 91
42 267
91 3
493 221
477 258
15 269
124 10
425 174
207 2
441 22
281 294
242 356
440 364
204 308
413 170
385 369
379 327
8 331
321 303
427 57
250 107
462 48
61 96
366 4
2 134
315 79
465 268
233 112
221 107
32 5
482 40
207 316
23 317
259 230
387 26
109 61
384 312
445 104
208 127
419 45
36 105
34 278
274 198
291 279
379 353
160 318
221 338
222 188
105 374
116 387
465 28
401 177
412 178
312 252
278 191
465 206
133 33
167 147
40 171
76 193
491 135
228 152
311 178
98 9
183 392
323 139
347 61
332 268
221 255
30 149
257 216
424 226
314 88
329 160
441 338
55 119
363 294
495 314
83 63
238 92
205 349
403 294
370 246
202 327
431 312
152 27
448 291
184 94
490 21
294 227
239 21
130 176
393 356
111 125
73 1
284 77
81 236
110 363
377 333
83 169
91 134
155 21
496 70
37 399
184 132
165 235
203 373
477 330
74 8
470 63
110 291
385 28
206 339
97 107
247 299
140 287
329 43
291 42
375 37
491 304
12 204
104 300
219 46
437 209
4 228
164 19
97 87
116 215
416 149
228 217
237 180
250 285
86 214
300 328
65 350
317 335
374 307
411 127
322 18
223 128
143 24
202 340
471 4
244 298
88 45
298 333
218 358
264 126
71 246
308 289
174 372
486 48
58 270
123 106
15 78
82 77
365 362
253 55
305 315
386 329
37 273
214 334
71 388
477 378
429 13
476 102
151 311
488 43
25 304
44 381
419 229
300 75
19 349
130 19
170 20
121 395
441 379
237 286
229 302
35 211
9 182
373 324
227 64
299 14
141 46
435 308
205 236
130 9
339 5
352 382
46 71
315 88
54 309
123 277
77 44
328 209
491 168
146 148
114 391
32 254
241 270
189 38
300 299
24 384
9 26
247 349
306 204
22 39
100 341
122 342
100 123
368 218
73 93
184 36
383 102
278 89
166 220
365 202
54 7
330 277
147 218
321 235
347 288
149 85
150 43
104 3
21 185
210 246
272 168
470 223
400 268
175 279
193 286
451 112
411 295
109 156
120 141
356 333
317 285
355 316
191 254
38 132
368 67
28 237
287 168
240 81
140 163
74 280
409 71
3 56
201 397
65 376
10 115
377 210
444 332
58 340
231 25
433 323
332 304
331 163
21 269
109 100
106 135
210 400
174 242
3 19
107 197
192 109
188 239
277 197
386 294
306 160
41 96
10 274
147 325
442 149
451 84
137 104
188 358
367 153
368 304
266 134
27 45
217 33
339 75
343 146
202 212
126 385
45 224
325 260
426 281
182 101
165 63
336 8
351 45
284 43
409 236
74 159
303 278
158 158
281 319
270 238
214 14
72 385
140 142
377 338
164 364
451 245
18 331
288 340
484 190
359 396
175 166
338 42
226 392
285 192
269 131
132 76
189 320
261 187
492 75
366 186
460 193
70 365
462 186
153 4
345 185
400 10
124 386
500 31
16 268
441 377
260 390
24 279
220 15
28 102
153 32
459 56
153 349
396 193
490 77
264 179
397 197
411 108
281 255
220 90
121 17
173 130
108 277
400 290
137 203
399 280
379 99
20 135
352 264
156 363
365 91
25 233
121 381
294 75
406 337
253 234
401 145
166 269
478 256
403 369
93 160
473 345
315 149
458 392
363 10
449 28
394 178
429 110
381 81
491 285
188 278
366 127
129 223
386 78
25 357
357 139
346 53
409 104
207 30
201 281
453 34
269 348
391 19
411 218
114 155
449 308
447 229
227 161
314 393
452 230
299 126
69 136
248 107
241 62
471 190
139 122
338 193
252 346
344 170
249 51
79 220
120 281
92 10
104 264
218 139
154 70
62 197
226 159
444 163
20 386
33 71
3 345
207 272
182 78
114 255
63 92
208 247
174 181
92 356
328 35
213 205
99 80
327 76
178 137
356 46
297 48
153 342
370 193
387 39
236 200
394 274
421 385
386 332
172 255
135 372
484 33
211 164
198 386
326 117
399 17
403 56
254 337
472 306
250 289
90 199
351 94
430 315
345 279
482 324
258 33
60 260
234 236
108 183
292 22
21 88
410 127
199 280
227 13
234 225
420 33
4 343
141 73
402 257
290 375
20 247
389 242
481 108
433 235
422 78
336 51
346 379
361 107
409 279
25 236
418 315
279 9
475 304
333 17
264 237
169 57
376 332
296 106
12 163
98 6
484 34
62 1
271 41
363 349
352 252
71 199
242 121
495 49
429 57
163 175
470 150
256 389
278 316
291 48
470 130
439 5
85 347
478 136
200 312
188 94
202 208
297 356
192 243
324 1
147 347
216 153
446 213
90 20
109 110
463 62
210 305
99 336
298 16
209 48
311 289
73 196
249 331
484 300
189 336
23 129
297 366
351 233
350 337
67 12
302 267
246 203
290 39
375 224
351 250
118 65
50 27
145 393
406 308
187 152
461 249
471 377
435 73
472 21
346 19
249 283
355 223
304 76
33 235
360 32
418 179
67 270
228 3
437 4
274 367
436 54
281 241
433 5
332 327
104 18
392 11
122 21
43 147
49 282
496 58
488 251
96 46
244 356
75 332
262 322
158 296
45 78
187 34
318 105
190 389
259 247
207 290
17 257
148 189
325 182
116 294
360 339
488 58
6 275
133 394
116 375
330 93
458 9
159 210
472 190
154 249
218 378
210 307
149 40
281 38
436 91
174 325
149 399
438 303
208 243
242 327
393 379
326 341
345 256
325 315
161 187
341 378
358 338
204 69
284 258
402 310
153 46
145 385
145 375
371 102
16 269
439 10
103 228
459 392
115 155
471 371
238 25
446 80
59 216
189 66
144 374
248 54
290 346
433 256
486 309
24 185
223 43
75 157
155 94
179 129
351 84
477 291
437 19
361 273
234 93
98 252
89 309
335 236
172 62
99 342
218 338
293 236
85 95
419 27
109 277
135 326
254 379
343 316
345 42
17 191
312 386
67 279
110 203
387 332
499 287
119 228
12 359
128 250
262 275
217 256
351 285
27 390
106 112
135 331
424 245
239 19
295 334
244 25
214 119
483 39
357 394
418 5
122 18
38 286
480 114
463 345
347 198
451 262
208 122
403 311
311 202
298 337
494 10
107 339
496 231
386 231
353 45
74 134
223 75
97 305
110 356
60 183
127 47
281 177
244 264
181 113
483 210
169 157
150 236
498 195
72 195
212 322
202 370
456 106
2 378
68 145
257 309
115 24
127 184
355 141
221 151
370 130
398 46
161 318
367 157
195 323
175 195
5 272
83 351
120 103
337 82
315 225
31 265
63 321
374 26
240 343
172 28
374 54
71 92
317 71
223 397
484 271
482 368
348 143
73 277
407 106
269 1
390 237
164 240
420 90
450 60
324 277
399 238
154 163
346 101
333 255
418 213
463 79
60 258
365 310
460 173
9 108
88 94
110 187
259 19
94 395
249 119
38 208
480 182
61 226
222 336
181 110
192 317
119 203
297 287
36 383
236 257
101 85
157 73
190 316
324 306
394 193
421 220
411 220
284 134
146 76
484 108
172 315
388 131
159 81
132 146
424 73
474 67
73 65
166 203
239 117
79 70
180 94
39 135
449 7
272 302
323 225
467 168
214 338
280 5
245 191
188 292
486 268
10 201
98 128
202 175
305 27
228 33
117 31
310 301
242 193
353 293
405 288
79 264
195 278
263 161
179 301
208 158
272 115
206 195
36 161
465 384
380 104
219 337
177 109
362 292
442 263
187 16
130 134
209 356
72 231
60 126
206 21
11 237
452 369
271 217
497 37
346 385
66 38
341 325
241 57
366 390
399 279
370 51
55 277
366 348
167 4
298 382
89 347
301 366
356 34
306 53
248 300
128 55
34 250
277 122
66 378
367 268
13 96
175 209
55 61
357 267
270 177
362 287
448 81
426 246
217 57
436 52
394 307
126 46
356 361
211 360
247 7
142 396
218 181
357 18
167 3
481 220
68 54
179 305
105 130
256 285
258 24
417 246
396 115
494 386
403 381
249 391
366 119
41 148
382 9
47 350
388 86
435 61
210 116
316 297
408 106
398 383
231 155
96 328
229 387
133 59
446 95
361 257
467 209
344 186
405 372
123 271
484 157
196 296
149 227
475 111
41 305
484 4
366 169
463 17
223 59
22 81
191 310
486 77
446 78
423 159
388 124
113 177
15 355
145 141
58 107
379 398
459 276
169 315
136 251
324 276
221 172
380 59
217 387
484 372
40 210
75 237
317 42
456 8
389 199
88 229
347 266
42 327
378 297
230 381
405 358
66 212
190 198
80 140
488 96
64 312
363 356
379 154
456 191
128 350
347 172
357 5
61 28
302 53
5 42
218 175
385 296
206 82
105 238
294 334
212 117
197 283
41 222
120 330
316 136
486 13
217 50
246 275
417 77
45 246
264 134
303 249
342 323
332 396
308 284
239 354
366 396
417 213
386 55
351 312
496 398
226 124
204 81
134 263
3 149
430 163
369 118
349 3
202 46
216 299
489 263
492 32
445 238
3 94
18 360
246 153
483 105
392 181
212 306
62 378
222 283
190 130
310 194
148 117
14 146
407 104
338 328
20 17
299 354
308 45
257 297
215 326
422 256
341 79
184 157
228 306
136 295
303 269
5 49
189 23
178 311
32 185
248 86
291 235
394 97
2 60
426 353
326 119
237 60
204 274
302 217
30 121
155 243
92 234
183 268
387 66
250 36
263 88
419 138
398 168
87 226
64 227
87 136
306 36
44 100
426 262
212 335
24 373
44 356
425 115
3 186
50 172
370 226
49 251
250 140
128 142
354 142
483 264
338 215
115 229
310 1
262 131
299 310
228 400
454 5
214 30
435 68
451 254
65 120
453 316
111 307
197 135
254 253
361 324
444 214
69 67
88 123
12 306
255 71
92 384
391 268
220 133
377 98
57 337
449 206
47 258
444 375
250 73
469 374
312 191
477 380
485 132
87 73
56 41
168 265
188 63
245 129
443 175
270 187
229 363
288 174
484 244
322 242
126 30
333 194
296 353
208 386
70 226
133 227
51 257
469 69
86 148
261 349
497 4
486 103
21 22
203 190
423 348
429 25
57 397
35 8
280 323
414 96
192 163
370 306
232 211
219 179
252 7
35 359
240 204
205 304
151 120
165 358
408 273
345 135
240 78
79 353
44 283
376 60
220 273
100 270
343 117
91 250
77 320
51 137
143 255
307 171
66 347
36 159
455 187
189 305
298 297
216 115
108 225
377 3
9 350
13 65
151 162
150 214
455 5
443 211
339 374
294 81
197 290
319 162
283 390
328 58
201 97
130 325
351 80
103 155
73 301
7 85
218 4
344 319
235 134
234 253
5 384
272 83
41 382
325 352
139 77
446 27
178 143
164 385
258 18
272 333
7 243
273 313
493 15
421 275
319 186
36 20
260 115
422 269
208 264
304 115
43 358
33 382
443 164
468 188
143 176
296 139
308 106
491 262
311 224
340 399
159 137
209 254
229 118
316 313
461 230
320 181
330 153
498 27
32 167
4 239
245 194
309 269
243 169
14 309
9 223
149 233
448 331
385 291
231 193
145 333
144 145
440 235
265 94
296 347
98 66
38 337
429 64
294 60
196 314
394 285
46 20
320 361
457 345
395 157
282 188
223 17
109 273
238 192
270 30
345 294
300 364
3 235
58 194
390 256
60 84
455 247
78 104
372 376
38 217
77 1
254 335
444 30
325 175
288 249
235 191
339 164
111 205
370 212
388 272
286 240
305 191
257 75
458 81
483 78
52 21
1 265
56 114
397 11
499 241
99 1
476 90
400 123
82 125
81 5
103 3
130 373
218 211
59 240
429 104
179 370
206 227
12 45
183 254
182 305
223 1
487 30
199 24
230 54
309 164
346 6
84 273
350 118
88 152
163 271
467 278
377 301
484 77
153 197
95 233
126 232
62 246
468 376
346 304
189 235
432 58
346 30
370 19
65 284
325 22
371 351
173 322
345 390
451 169
10 200
449 44
339 183
427 263
329 104
213 121
455 259
136 311
265 22
198 226
444 350
420 25
378 35
202 134
178 209
97 222
60 32
351 263
42 46
130 221
127 325
452 324
255 309
462 260
312 38
373 78
317 292
306 371
225 100
353 364
239 192
173 219
279 175
407 146
490 313
251 227
352 137
421 231
239 84
292 338
111 41
221 71
112 9
110 393
275 265
192 326
226 215
359 72
103 187
46 42
227 178
161 297
379 90
171 325
137 129
239 281
15 160
405 349
330 77
144 283
252 199
321 106
215 74
485 353
495 48
371 132
140 362
338 323
301 32
316 68
76 246
323 77
11 80
467 70
258 295
357 111
415 44
253 302
258 364
73 116
154 160
403 23
196 171
174 270
102 230
462 207
414 25
356 66
500 270
13 383
173 214
216 316
479 154
278 54
133 36
280 382
155 358
485 139
366 123
101 357
417 37
299 295
6 205
369 76
469 47
38 56
160 128
418 198
29 81
170 353
6 357
77 102
181 111
307 121
248 32
278 376
251 368
274 350
169 233
52 397
439 29
219 351
382 153
180 277
205 331
50 385
70 336
349 299
306 79
430 196
292 263
92 70
216 389
100 240
121 299
108 321
408 397
137 114
150 201
119 250
331 315
478 389
451 210
400 340
290 240
35 378
44 278
208 328
408 283
302 212
22 16
394 1
17 118
371 358
300 219
182 139
95 43
141 75
487 361
144 218
258 344
181 89
374 177
453 205
204 15
473 355
451 213
475 3
234 200
147 56
256 155
277 335
458 203
371 174
397 236
245 343
367 83
459 60
327 53
3 309
155 48
412 281
305 137
254 54
62 347
206 349
344 197
90 253
300 64
368 75
225 223
486 41
200 400
474 4
385 173
413 386
255 190
443 240
61 330
438 331
196 186
33 182
386 334
483 234
237 366
335 334
467 356
405 183
424 56
47 81
452 44
421 335
359 250
141 143
59 170
207 177
85 344
432 218
326 70
18 324
499 13
400 24
34 42
401 399
19 375
218 69
223 151
47 159
68 390
75 46
230 384
37 341
429 385
249 104
434 45
199 101
78 369
460 263
220 137
358 56
42 291
407 39
379 244
493 155
423 155
236 263
372 211
63 270
176 284
80 248
279 347
327 390
58 400
104 178
288 265
432 251
136 358
117 304
143 77
157 10
87 303
42 239
288 90
426 101
470 368
336 131
240 360
205 206
256 292
5 211
118 83
247 63
409 39
474 247
51 169
212 165
188 75
223 305
399 127
3 65
152 311
123 177
242 236
375 54
379 211
257 335
367 77
198 301
434 286
488 229
184 368
334 324
51 296
400 355
132 393
439 346
222 72
91 313
55 256
343 197
63 71
4 272
270 400
419 397
173 162
256 50
433 90
399 110
159 205
312 397
227 224
85 122
106 155
281 212
193 170
426 356
373 70
316 382
107 373
240 38
21 317
262 149
2 351
55 172
156 257
321 376
5 188
60 359
430 248
120 218
16 292
104 75
335 154
343 64
435 146
34 305
295 310
341 7
139 263
453 181
151 158
137 348
328 85
219 249
245 55
158 146
426 100
129 353
140 186
359 159
425 305
409 165
13 389
487 47
405 74
446 370
143 59
93 272
106 51
155 73
264 64
257 324
141 308
25 350
365 142
254 114
489 328
440 315
386 146
6 198
135 192
194 91
132 96
409 284
291 382
196 271
393 75
206 217
15 316
308 354
120 369
208 138
251 326
363 163
282 65
21 55
475 53
389 26
414 110
174 306
471 272
377 233
300 32
96 256
256 49
155 39
157 371
298 75
174 119
106 319
36 133
291 398
222 129
224 15
157 331
259 55
262 251
200 333
233 69
26 1
278 40
412 182
28 325
385 366
439 50
439 373
103 313
124 143
496 374
358 78
484 257
451 40
241 328
12 73
391 209
265 278
48 334
314 146
455 113
40 291
149 147
307 23
294 16
122 324
99 101
232 141
428 253
166 92
313 55
245 156
45 220
425 134
458 304
66 175
138 151
221 399
413 42
303 293
204 346
286 217
86 132
452 82
33 278
452 89
295 305
413 222
366 271
262 42
184 245
339 110
210 344
259 208
331 117
141 336
183 54
361 316
38 260
115 213
322 361
427 253
115 343
333 290
264 364
392 351
447 264
335 61
143 337
185 105
237 179
447 37
91 266
458 33
411 18
33 116
256 223
359 92
237 142
495 370
179 140
30 193
298 309
177 152
35 287
152 302
373 153
490 22
290 158
313 35
51 222
93 254
22 30
128 86
186 223
337 342
344 13
293 13
329 217
405 10
384 105
57 263
138 350
20 72
323 359
206 275
307 180
134 194
176 301
328 103
97 195
202 223
23 55
457 11
32 235
26 171
74 22
44 364
118 194
459 188
395 296
330 251
377 313
26 34
346 232
61 244
71 277
221 339
325 163
169 210
67 174
144 66
264 233
324 205
276 135
377 203
40 109
358 186
193 230
344 352
330 200
203 303
57 199
198 90
22 216
46 343
141 393
146 38
165 15
226 193
133 287
151 387
213 177
269 238
340 322
484 200
121 345
52 278
196 172
8 92
202 292
61 195
347 175
458 188
275 148
299 21
231 60
455 233
126 191
118 60
175 172
131 104
77 142
152 353
308 27
183 112
34 270
130 398
354 120
319 386
141 193
16 6
259 117
178 175
337 221
255 46
189 247
466 366
125 153
451 331
149 78
396 255
300 188
448 400
466 254
83 309
272 334
466 361
441 329
143 303
29 173
57 83
152 147
492 172
375 92
16 47
176 275
193 38
242 374
111 356
464 17
242 108
281 5
67 135
483 38
493 179
241 100
249 222
288 109
49 356
468 208
106 325
47 309
361 43
442 76
31 122
112 211
81 120
75 171
239 127
232 45
459 257
410 9
8 44
46 16
51 382
77 99
330 250
491 314
308 315
18 122
500 89
182 337
9 74
228 244
297 139
121 283
44 255
44 186
464 358
158 260
313 155
8 358
395 219
285 32
301 312
248 328
215 276
213 361
85 22
272 304
194 376
296 339
392 287
335 261
133 272
210 39
484 385
43 288
495 110
245 255
116 126
288 320
257 5
118 302
113 186
246 105
75 316
338 344
57 16
94 46
447 341
23 110
265 224
268 13
412 179
185 196
56 121
170 266
12 233
453 60
165 223
496 84
376 198
145 304
405 341
128 389
325 200
316 288
305 14
442 49
340 58
394 237
211 105
143 41
482 193
60 272
343 167
392 204
278 317
134 95
482 377
229 277
206 171
67 372
102 32
12 235
375 292
463 254
25 372
309 273
398 226
363 339
384 76
438 205
470 31
386 394
479 375
387 362
152 235
451 242
67 71
99 230
179 105
79 137
374 368
261 276
133 194
205 309
83 94
141 106
48 305
269 47
495 380
296 52
366 357
29 211
481 173
19 224
110 115
165 290
103 391
252 113
122 400
255 3
403 44
89 396
446 102
406 191
346 270
384 291
206 192
472 284
466 212
86 362
131 176
283 80
384 177
275 360
422 250
340 372
285 331
283 24
8 134
249 23
50 206
286 252
390 385
97 58
365 56
37 213
90 380
182 259
310 395
343 189
112 219
10 314
2 286
368 78
86 7
487 110
236 92
233 88
493 381
339 337
419 228
202 174
157 45
192 167
338 104
279 313
473 396
329 28
52 334
88 308
317 242
280 331
156 338
393 383
394 61
110 40
222 145
402 380
454 140
474 326
128 383
443 117
21 324
290 257
301 100
37 255
449 182
146 357
48 249
479 200
251 6
231 231
335 256
312 7
459 249
472 375
276 140
81 67
19 19
377 4
354 245
276 7
197 303
224 366
402 359
297 389
414 29
100 328
125 306
184 162
233 61
349 105
458 300
316 233
332 344
264 270
343 109
171 70
350 8
252 225
444 156
320 91
262 69
420 298
464 128
468 53
66 146
94 187
41 283
109 74
452 345
354 30
6 43
338 40
436 329
157 79
84 291
310 91
447 151
52 127
23 119
37 262
196 378
495 257
479 76
201 49
116 223
117 96
212 121
2 130
111 274
498 38
357 304
199 138
122 8
307 296
43 115
166 308
228 145
473 334
425 312
393 298
338 353
287 342
1 299
71 59
102 2
159 131
336 201
236 246
352 134
48 329
70 92
360 95
190 172
393 335
454 269
451 341
180 95
162 24
410 364
63 76
132 128
316 265
142 346
314 331
266 123
382 240
42 238
447 243
69 301
296 151
317 133
500 283
416 159
391 205
485 115
492 283
108 184
239 310
373 335
338 73
250 313
94 182
238 220
500 392
484 351
411 135
323 307
239 318
80 103
125 102
227 284
48 218
97 69
8 362
432 333
6 147
102 110
76 303
397 31
126 282
130 350
449 85
193 254
395 382
500 210
88 203
271 245
308 206
92 52
444 106
216 234
289 136
93 177
193 227
48 89
270 267
228 118
193 37
237 341
333 53
41 52
362 239
377 259
318 313
111 6
255 261
479 12
249 206
96 309
362 385
365 47
59 31
123 369
341 191
348 140
37 265
184 95
340 144
395 234
190 288
296 358
88 265
460 83
72 73
82 305
448 337
33 307
470 145
18 208
459 246
472 204
265 389
282 247
247 168
280 196
375 136
220 77
333 139
482 261
435 1
321 302
194 42
473 300
132 250
378 234
50 139
21 338
414 260
347 76
380 152
178 204
237 195
380 166
333 12
435 5
118 212
31 276
291 130
478 279
440 340
181 3
393 103
168 254
140 263
312 158
487 145
278 145
163 112
462 382
316 182
52 380
166 88
254 98
47 208
138 175
94 157
161 267
124 381
16 349
93 46
11 318
382 354
51 189
276 305
244 37
54 163
146 333
363 366
75 78
390 316
490 186
304 385
215 250
312 108
439 361
215 300
181 320
258 165
345 225
391 98
483 120
237 157
203 94
396 365
128 112
390 160
211 240
304 105
226 58
403 27
192 74
447 23
150 300
132 354
491 148
114 299
180 159
407 59
323 265
263 62
240 144
241 49
20 265
103 189
274 274
2 227
148 104
499 71
211 42
141 370
133 285
319 307
226 130
425 278
112 309
390 24
132 134
57 74
486 157
177 196
367 234
260 395
185 363
87 390
83 82
306 269
191 198
84 179
245 392
306 326
224 57
22 123
235 225
415 341
5 278
210 154
291 236
265 268
379 236
238 250
434 278
59 194
21 187
420 354
158 239
304 170
220 101
362 238
1 375
73 380
398 266
253 253
160 161
419 347
441 369
432 82
174 149
293 25
231 339
253 259
459 382
429 177
266 109
112 154
176 316
99 366
260 18
464 263
149 355
7 129
7 327
3 12
497 235
141 400
182 272
446 350
104 225
163 236
7 189
450 221
4 227
479 74
54 386
128 395
355 310
9 376
420 193
305 192
429 270
243 381
167 338
19 199
203 372
3 152
228 398
381 112
16 244
239 347
79 117
233 287
164 352
37 58
345 108
483 379
340 96
288 304
390 289
378 379
307 246
105 111
63 56
116 395
449 392
484 9
297 279
149 39
300 283
106 71
100 160
267 151
280 195
48 212
417 125
360 236
264 369
76 24
151 99
154 325
142 400
428 308
61 357
31 335
190 265
80 373
376 347
197 306
292 24
303 227
438 18
426 313
120 173
493 236
7 284
279 299
195 207
415 110
215 318
211 10
227 129
213 66
245 342
3 214
497 316
363 228
441 173
484 267
312 124
285 327
45 212
475 207
285 169
118 192
129 323
80 237
220 310
217 183
335 36
93 366
496 193
181 342
305 88
422 285
391 77
62 157
138 242
148 125
170 157
194 316
142 186
185 225
69 125
328 12
26 43
257 241
192 314
477 55
374 198
487 316
459 149
182 219
65 93
330 240
35 116
252 395
69 280
284 180
54 177
320 356
322 30
123 361
3 206
326 141
196 94
7 330
111 365
372 385
199 133
415 372
499 390
394 78
437 313
147 84
343 325
392 13
378 294
94 276
181 363
56 299
175 319
479 210
139 362
400 184
250 312
1 368
105 59
303 88
174 124
83 167
197 168
472 25
476 288
226 210
66 220
199 207
467 186
325 380
236 252
132 373
140 7
68 366
462 170
111 292
6 254
98 132
483 95
81 250
455 171
325 140
478 392
155 58
121 155
477 261
22 116
353 320
416 89
401 171
294 8
429 34
500 368
427 338
345 177
496 28
391 161
153 392
326 369
115 172
60 16
455 76
255 62
12 116
219 339
346 132
194 16
251 203
245 54
224 199
297 166
422 218
186 324
374 194
306 341
217 193
237 217
60 73
377 74
95 323
262 316
212 372
458 32
180 173
194 374
432 290
416 242
153 285
179 211
87 51
274 192
480 215
129 259
431 366
328 283
471 51
385 12
174 316
152 330
198 333
161 54
139 171
18 311
436 35
234 237
142 140
181 19
282 11
437 307
454 374
328 270
88 362
151 332
375 304
94 48
38 14
417 319
500 250
398 371
132 277
156 44
142 373
312 262
98 339
474 384
445 7
230 140
461 128
267 243
460 9
128 379
180 392
257 107
65 248
84 29
216 313
21 293
119 215
107 66
484 361
20 275
379 362
6 300
454 189
178 105
79 349
450 322
488 307
214 111
6 299
492 366
172 217
177 243
301 40
321 351
309 67
358 52
427 184
248 103
439 313
333 71
39 261
411 382
67 103
324 86
390 301
29 124
403 204
41 177
100 276
448 315
10 378
192 200
400 5
137 205
145 213
40 330
449 374
100 284
359 374
216 293
398 163
394 169
484 344
190 171
438 10
393 360
230 78
163 17
293 205
43 31
37 362
283 354
154 19
84 58
59 39
42 186
291 88
187 154
245 160
224 76
488 392
377 289
315 359
66 29
112 376
234 360
200 175
323 86
435 13
57 394
88 70
430 51
104 246
208 268
352 270
218 7
247 192
225 61
285 307
393 29
292 225
489 331
180 223
355 155
273 126
433 160
295 268
422 277
401 275
405 39
20 174
359 156
460 10
130 43
151 224
337 199
339 180
100 358
160 236
251 69
389 352
254 364
460 111
322 14
179 257
333 326
417 397
23 356
307 173
193 39
55 286
376 43
139 316
168 69
392 110
394 396
125 94
27 171
351 12
273 308
167 211
291 231
366 299
388 371
287 353
254 244
474 110
152 49
253 49
91 322
426 61
307 114
453 224
270 244
456 270
252 5
265 14
261 192
131 383
488 220
82 25
271 345
147 202
361 193
53 238
270 176
230 388
225 372
205 367
413 3
246 222
49 290
219 191
355 371
397 351
70 270
451 324
374 211
246 319
121 174
152 188
428 109
147 76
191 334
456 341
352 204
425 232
141 220
339 308
386 387
271 89
422 234
279 367
164 69
308 328
48 272
78 3
330 314
476 354
283 103
332 95
255 289
226 250
390 159
121 214
37 281
401 181
152 10
336 113
453 294
382 333
280 206
294 347
181 178
60 79
53 247
24 83
337 201
12 76
26 146
301 221
498 44
362 60
255 67
165 386
361 95
414 294
267 337
153 171
207 57
172 373
464 266
85 141
76 390
63 398
196 274
227 261
390 4
355 378
208 231
275 347
154 400
50 366
421 126
118 377
202 265
165 333
456 132
405 225
167 235
397 315
349 75
417 278
168 151
341 177
318 23
301 116
401 36
77 361
399 194
188 312
285 44
182 338
374 55
147 323
394 352
112 322
64 87
304 363
301 256
335 271
286 247
489 169
88 260
370 325
269 255
241 12
454 310
151 3
35 381
146 181
118 117
58 302
338 249
188 100
93 348
141 302
262 195
450 265
418 282
416 79
262 15
92 30
485 215
370 239
407 175
133 244
494 262
108 383
235 250
424 27
452 192
219 213
473 360
41 378
288 256
264 24
466 72
241 317
175 357
316 117
397 266
53 114
28 308
140 357
459 348
291 323
288 195
400 114
299 304
93 303
401 338
255 91
221 183
278 390
208 28
144 186
44 47
267 158
391 177
91 255
34 126
387 353
253 391
53 323
488 144
490 198
212 363
379 175
240 276
429 26
433 351
259 257
471 47
78 350
223 168
9 78
186 247
62 150
204 305
482 186
477 297
396 268
290 310
245 337
123 84
148 282
19 42
137 370
84 12
66 339
97 337
253 351
294 72
315 54
120 286
304 83
488 203
51 7
301 218
306 255
350 110
146 388
140 67
47 358
103 36
251 186
182 279
455 200
80 352
385 22
62 55
368 347
315 214
187 98
37 237
418 45
423 295
246 204
86 109
412 399
292 105
14 136
442 164
186 326
283 203
386 60
376 6
135 43
322 400
377 374
473 288
349 282
20 311
14 209
486 277
145 296
444 192
300 259
39 24
250 320
8 276
224 249
126 273
150 222
319 253
197 146
371 223
388 85
182 185
136 242
365 96
69 377
327 219
469 256
240 363
315 262
269 298
68 136
160 231
269 295
375 160
146 297
240 129
432 287
304 205
21 40
381 89
400 132
268 193
139 348
271 22
121 159
233 197
455 304
99 190
254 318
35 130
182 36
444 174
34 322
309 152
208 331
333 8
134 162
27 25
157 78
97 96
33 5
386 44
1 296
227 14
372 268
6 315
115 137
441 6
279 53
354 180
295 196
232 313
483 204
219 288
222 242
413 304
98 248
364 58
368 128
8 199
343 306
261 241
188 12
62 337
108 234
389 345
73 390
313 386
369 225
298 217
81 35
251 246
94 128
250 269
82 12
248 184
417 304
246 357
404 60
268 60
117 303
291 324
193 358
2 193
444 337
116 348
267 336
218 109
442 105
396 201
139 312
329 44
12 219
271 328
323 207
442 205
116 171
28 187
81 59
388 148
220 288
37 37
72 294
202 22
269 374
344 192
85 317
423 110
43 269
368 103
187 386
374 60
230 248
269 13
148 235
352 241
299 206
293 21
206 288
129 276
460 104
491 353
3 256
169 242
13 66
17 62
291 259
11 210
222 389
226 76
105 96
367 228
137 39
437 382
88 340
17 378
152 123
188 8
196 305
220 353
396 105
455 139
182 48
412 139
112 328
445 346
187 120
442 28
66 177
448 29
262 116
22 381
60 306
256 302
80 228
82 123
32 13
251 139
12 316
331 6
493 214
322 231
299 83
179 371
48 56
107 281
394 117
489 106
297 347
247 178
319 361
134 288
415 76
312 301
475 127
485 174
41 94
92 254
402 49
371 370
441 169
104 112
164 233
226 268
60 327
475 19
263 274
301 156
71 37
206 91
112 61
168 232
26 24
229 159
276 399
484 169
404 6
252 203
264 65
340 190
144 233
83 383
410 94
329 87
426 255
131 270
210 393
51 123
53 349
186 400
397 149
494 116
262 39
83 192
313 234
450 318
307 361
204 334
259 279
443 203
78 98
65 222
8 330
265 305
285 68
216 71
437 282
241 154
173 229
348 213
231 126
187 180
84 385
12 168
83 275
25 207
9 277
302 131
215 105
175 146
7 325
186 334
500 374
189 213
411 39
343 132
282 50
111 88
238 214
498 245
122 250
158 251
56 113
178 245
275 174
304 196
356 169
472 251
461 227
35 236
212 180
393 209
478 34
46 339
459 61
352 101
347 135
370 61
340 44
440 48
372 224
318 24
263 216
165 326
98 247
270 314
108 188
265 193
437 26
208 350
473 9
21 348
298 11
297 258
248 145
358 232
27 14
37 185
58 188
228 122
163 254
44 346
299 118
370 218
367 56
311 383
195 111
76 230
106 175
31 7
406 90
252 253
310 262
11 293
401 223
234 85
441 249
377 63
23 201
344 325
41 197
493 111
93 360
7 347
332 11
86 293
131 193
11 296
492 385
86 291
416 345
3 175
304 368
414 32
138 61
167 10
157 135
80 86
412 381
500 293
462 247
164 68
14 28
367 304
5 245
231 332
4 210
394 113
356 236
347 230
311 26
214 160
149 280
217 395
207 324
248 345
379 331
17 395
263 341
180 142
174 188
302 343
376 274
469 243
58 387
292 72
451 56
170 320
37 46
168 135
114 215
214 178
424 255
55 210
327 370
386 202
322 140
7 157
325 289
254 396
101 174
448 15
80 239
419 225
375 339
353 177
314 205
64 86
304 322
1 125
120 363
397 47
174 150
150 343
354 197
70 166
405 354
269 136
385 236
309 109
7 34
494 45
232 253
419 88
378 51
357 77
291 329
44 300
250 201
231 252
47 113
333 362
359 297
424 168
24 321
226 321
123 160
428 29
311 221
48 265
8 366
102 106
37 335
28 169
74 229
438 248
293 351
276 347
431 30
127 165
414 135
90 384
413 39
223 113
456 294
500 59
416 255
71 291
489 79
10 308
278 60
183 52
232 72
487 39
40 86
11 98
6 172
211 114
478 281
19 382
284 313
492 330
134 375
380 94
379 306
224 119
393 211
344 124
184 286
272 291
349 391
294 69
52 375
60 95
234 335
228 155
157 188
305 78
13 27
152 35
366 191
262 216
203 290
415 375
67 24
456 89
463 90
29 374
387 225
118 271
64 240
227 335
321 375
305 239
140 102
439 218
500 319
297 145
460 32
351 303
155 95
442 15
222 86
231 93
5 209
444 90
89 229
246 212
73 4
399 213
144 46
453 331
179 218
276 184
420 197
233 315
338 346
410 287
237 276
112 386
444 256
410 264
165 85
20 321
401 104
85 235
103 174
156 151
459 279
306 266
372 275
397 34
353 351
90 107
8 61
437 37
164 1
188 121
170 110
341 221
62 257
63 231
224 331
71 127
419 373
116 247
8 255
195 255
73 57
95 356
488 278
300 329
435 14
486 73
18 115
120 139
239 54
378 119
312 170
416 25
38 74
312 4
218 344
421 116
73 22
279 277
433 115
262 341
158 300
43 216
284 314
191 320
101 246
96 340
71 334
479 189
130 23
228 227
372 214
322 72
80 394
37 83
159 188
193 192
41 251
422 213
495 209
152 248
41 377
427 335
499 181
211 328
8 251
432 315
114 112
214 205
407 120
79 166
155 380
393 5
244 365
257 386
38 296
332 132
242 75
354 5
89 103
288 194
421 22
302 215
288 367
148 91
220 216
449 362
33 254
304 43
314 263
85 120
287 398
252 354
119 44
9 43
305 227
44 97
449 15
358 10
417 170
364 367
189 383
97 273
36 204
89 157
427 169
115 236
87 86
396 398
387 218
403 164
58 291
449 252
175 282
159 18
331 378
416 373
375 162
150 104
291 361
201 58
174 2
462 40
34 304
249 225
399 220
32 107
415 180
270 308
445 294
61 75
102 366
171 400
431 396
316 218
466 247
88 252
52 329
351 296
472 335
376 312
190 289
35 30
77 353
454 103
116 46
353 234
96 84
196 30
436 134
396 45
322 62
151 327
64 5
255 287
3 135
453 14
305 326
193 201
415 37
366 369
86 338
151 74
231 371
38 62
175 293
164 162
112 113
73 186
134 304
481 152
352 400
404 347
155 119
406 86
123 263
126 13
291 163
412 200
84 305
368 305
293 336
137 320
46 60
441 393
96 16
463 356
311 396
243 318
211 375
165 318
496 358
96 283
206 45
144 76
255 245
238 191
90 31
343 190
367 168
192 302
420 126
440 202
192 114
446 161
374 222
77 299
68 73
449 145
51 350
464 88
280 16
297 297
274 259
36 128
344 178
80 178
159 59
266 170
280 213
482 4
497 265
204 233
348 222
50 305
171 44
187 151
446 354
304 56
309 99
247 52
459 239
302 275
300 324
57 365
425 314
261 149
384 380
242 377
398 235
500 161
219 128
293 300
295 281
198 344
497 101
198 371
360 346
377 46
257 251
18 325
126 8
84 55
262 118
212 222
401 245
483 254
421 341
250 237
152 55
261 69
122 120
349 118
472 20
83 310
320 279
175 306
276 100
71 86
426 235
12 133
147 59
394 103
258 167
163 376
99 103
96 319
444 374
403 386
103 258
138 248
49 59
292 130
216 97
36 236
475 135
378 174
322 177
430 358
417 124
411 58
44 173
315 301
261 375
39 303
498 193
341 170
330 167
328 186
296 111
301 380
222 79
395 235
350 270
144 295
182 168
330 295
369 150
194 336
478 237
340 310
281 277
190 397
135 277
384 109
9 253
479 301
141 261
6 372
75 337
296 259
427 139
103 307
273 88
221 364
381 366
119 87
26 281
455 39
173 252
398 3
180 182
186 343
244 85
416 365
276 47
6 117
263 398
11 380
400 172
167 284
116 16
300 112
219 55
493 379
370 214
450 154
224 303
60 247
140 131
102 175
491 23
300 230
438 42
16 153
42 277
71 85
159 163
113 87
105 211
426 28
7 104
399 161
396 387
464 246
280 180
279 306
283 350
484 324
470 99
289 202
233 127
435 32
226 294
112 102
240 246
87 340
266 37
358 135
128 370
90 279
205 230
154 96
311 84
301 162
12 206
436 56
222 187
253 11
204 61
286 63
323 100
464 93
184 355
222 30
74 52
373 264
43 282
437 235
185 262
242 367
16 256
357 44
105 324
261 100
385 331
262 248
395 304
216 126
132 289
77 33
31 290
273 135
78 6
289 68
419 96
392 142
26 294
176 256
208 376
191 2
355 48
55 249
34 282
418 187
92 293
89 390
460 59
409 321
36 158
224 179
370 195
122 146
254 243
115 303
209 16
442 193
22 207
467 225
148 162
30 53
470 201
140 315
478 319
229 122
294 394
410 40
250 309
423 1
494 51
86 40
436 290
296 354
84 125
225 119
122 148
127 27
168 56
111 166
294 142
255 177
426 126
392 398
126 96
248 58
443 263
58 78
79 51
263 141
373 355
60 246
32 96
156 212
352 70
197 6
97 178
230 158
127 44
92 237
44 215
367 351
138 279
357 275
342 82
153 126
137 346
465 80
45 42
389 279
179 399
331 243
452 25
483 42
228 370
40 172
262 190
183 297
269 68
460 226
423 252
94 78
416 9
355 302
101 9
136 115
442 330
229 78
172 31
412 152
312 20
58 371
239 302
274 161
138 119
363 67
240 309
406 71
222 100
477 32
194 62
386 287
427 44
57 97
478 121
393 282
21 143
492 269
315 7
257 111
322 303
482 91
343 157
155 118
242 292
340 374
259 52
191 159
4 23
234 286
63 153
454 137
38 376
304 150
342 269
262 188
253 200
61 263
199 243
381 176
154 336
430 220
428 212
494 132
346 200
72 389
175 94
111 184
75 305
454 133
29 64
194 147
189 204
28 67
413 64
297 79
302 257
262 380
231 213
77 327
214 217
10 48
354 205
130 384
304 211
462 208
30 349
103 355
163 348
245 313
418 254
433 30
466 352
112 49
256 383
68 197
180 177
239 215
212 246
196 1
441 272
319 4
18 121
303 215
317 368
46 8
438 12
233 249
276 357
7 110
468 288
57 70
481 337
69 303
411 124
259 310
48 375
402 242
62 196
171 338
473 78
285 323
115 370
125 128
202 386
4 306
436 294
105 317
313 181
13 70
356 101
90 74
316 399
48 112
172 273
146 247
309 26
81 171
37 392
74 192
84 109
469 193
330 353
244 292
389 280
425 54
159 217
44 10
490 122
127 81
438 317
227 171
366 276
2 156
12 298
471 98
210 325
298 278
200 193
274 243
227 104
443 141
285 201
133 69
476 171
221 324
369 203
368 335
491 31
412 164
213 275
332 296
413 275
477 385
221 31
460 301
142 95
113 196
108 150
424 42
75 41
495 345
50 370
424 367
361 224
489 164
192 65
333 159
154 323
8 377
380 72
334 370
39 232
318 203
491 3
208 135
161 221
264 118
81 226
119 364
162 12
344 392
48 51
129 345
266 371
236 67
135 109
2 273
375 29
457 189
428 316
277 286
314 279
353 321
478 272
267 268
317 180
115 31
1 156
44 172
116 39
306 392
429 248
405 258
343 108
31 339
67 351
244 71
50 95
7 59
139 369
46 103
33 83
342 303
64 354
380 292
81 397
359 346
122 386
453 215
401 390
285 3
71 393
357 398
96 110
432 198
319 259
212 31
350 62
352 122
113 13
253 307
114 362
499 282
60 374
118 190
465 304
228 141
420 394
489 187
426 253
172 241
378 123
35 216
378 262
360 240
28 216
461 258
150 257
16 290
143 317
381 267
314 108
300 240
216 303
306 307
273 33
8 355
144 175
131 204
14 232
176 89
428 352
259 64
117 186
59 4
470 74
347 380
182 148
406 117
50 121
163 259
208 227
112 78
429 58
325 298
384 215
384 158
470 91
494 112
302 124
173 226
488 67
193 95
269 349
363 150
438 244
238 22
256 397
186 163
198 167
483 388
380 132
346 330
169 380
96 103
478 104
196 281
115 239
10 172
419 177
381 362
25 317
495 397
489 166
456 200
206 314
384 149
412 160
483 207
105 80
337 104
287 95
2 91
224 372
393 364
257 299
302 140
179 322
138 128
56 235
195 71
43 69
232 155
353 187
134 325
10 58
386 198
491 217
187 371
350 356
186 192
447 218
141 1
418 249
473 61
379 196
139 224
461 322
217 231
412 212
480 265
396 267
31 94
108 63
322 181
412 213
23 190
216 36
125 169
209 180
30 223
330 168
489 32
269 270
419 332
62 389
317 262
493 94
175 213
167 278
36 157
337 50
138 287
136 140
371 92
380 174
207 175
319 28
32 59
485 7
420 210
482 95
58 201
187 72
272 24
273 16
46 374
314 336
219 244
281 34
156 73
440 306
389 158
124 103
440 219
20 20
419 386
34 330
166 377
75 369
213 142
106 102
70 71
118 343
6 135
267 93
176 152
430 345
391 117
23 82
10 310
428 178
319 383
33 240
141 224
202 15
45 320
20 103
307 350
87 127
213 86
56 17
241 138
305 234
33 309
269 278
103 284
40 204
209 198
247 85
488 317
219 291
208 342
2 176
127 13
59 52
477 68
311 172
191 366
36 391
406 151
137 354
343 343
158 182
312 246
57 224
74 274
325 114
286 41
411 157
61 46
381 224
458 337
142 125
263 162
129 33
54 326
194 394
442 217
241 52
391 164
489 3
335 234
111 86
82 374
22 258
100 312
383 46
282 229
464 138
326 14
213 322
409 255
464 307
471 41
418 126
334 386
360 75
274 106
299 175
153 98
500 1
377 217
54 233
166 199
137 139
430 333
487 227
106 44
409 112
479 54
457 70
380 386
153 14
154 291
167 241
82 251
346 38
249 316
379 72
494 384
175 297
362 144
133 43
127 103
426 297
490 100
267 173
274 213
491 204
26 340
257 394
402 280
445 393
238 112
498 56
396 243
158 378
440 17
151 163
174 335
236 26
108 177
115 124
253 88
193 110
41 334
379 21
474 64
84 345
362 220
114 55
386 378
366 198
214 64
130 348
110 320
226 114
50 277
467 78
97 255
496 266
155 293
339 181
214 18
395 389
94 9
252 294
296 242
321 142
194 99
443 247
355 7
478 370
456 384
270 168
63 78
177 3
45 48
312 174
436 314
204 394
161 328
194 354
317 385
495 32
291 131
426 80
187 73
300 358
137 161
266 291
10 342
143 137
49 259
182 29
146 142
304 286
234 114
55 102
224 285
282 270
436 103
203 260
314 278
352 163
480 64
65 133
387 279
257 331
208 201
205 324
376 127
21 134
493 251
56 358
426 172
272 373
368 362
284 283
1 212
238 398
66 234
299 130
465 301
383 115
118 307
284 305
246 223
102 107
120 353
364 128
232 282
441 225
369 82
264 299
328 238
156 68
13 332
372 68
128 192
86 390
452 260
431 286
438 188
378 328
50 109
72 36
135 54
11 143
3 311
470 155
487 147
138 194
362 46
468 67
63 261
72 114
240 252
240 323
118 248
22 231
190 271
413 22
209 109
88 190
128 89
304 250
111 167
61 71
248 318
218 67
382 140
336 390
98 265
236 250
372 53
199 231
296 238
411 47
493 273
267 10
133 314
54 176
144 280
256 280
115 285
117 195
391 178
49 397
209 164
451 197
278 301
441 85
106 196
224 79
374 196
55 19
63 326
361 32
325 52
322 122
57 256
337 93
420 230
89 369
288 96
483 382
61 377
455 66
468 20
55 257
335 382
284 76
430 65
186 389
48 170
86 385
301 285
82 111
186 23
333 25
269 309
463 153
107 3
487 279
492 110
497 288
121 270
223 377
64 176
183 386
80 60
457 177
197 66
350 276
481 206
297 266
321 109
173 371
17 288
231 70
244 399
369 146
57 192
211 136
485 68
292 400
482 323
331 379
476 56
291 169
255 211
173 290
77 177
7 183
290 76
386 76
366 43
29 240
310 309
298 233
98 39
375 253
418 178
492 62
483 377
221 118
31 360
471 243
116 284
412 374
10 230
6 384
319 289
467 343
261 345
448 54
248 230
317 291
479 184
150 354
138 68
89 360
50 47
359 211
440 87
239 88
39 266
336 252
160 193
495 183
363 333
21 118
203 166
339 192
82 160
378 60
202 94
11 273
428 283
380 205
451 247
356 250
83 174
381 254
494 64
279 114
138 220
299 133
21 94
281 338
493 59
70 287
308 171
350 327
75 262
393 283
109 274
410 372
466 316
349 364
253 68
445 382
175 334
225 123
29 358
409 95
60 36
167 195
138 176
195 276
24 312
498 131
110 208
246 14
62 393
418 128
337 261
51 149
450 74
56 272
256 21
18 145
427 208
345 280
31 222
158 104
376 239
349 10
366 289
397 383
154 49
149 92
277 189
290 248
395 268
38 212
344 109
153 314
417 382
317 8
75 383
251 383
482 22
299 167
472 387
353 70
360 134
330 65
33 64
122 296
143 42
284 319
439 152
481 374
178 43
399 94
120 367
365 224
192 350
428 245
457 89
488 75
277 333
393 106
378 352
441 12
169 35
44 270
323 327
73 34
426 17
370 356
185 13
80 104
243 341
372 17
39 275
392 132
179 196
481 347
21 237
451 238
291 114
386 356
63 37
115 363
125 172
403 261
122 219
305 30
113 22
331 208
423 52
355 364
397 68
350 218
147 60
68 350
116 258
197 187
260 318
479 348
320 95
205 81
230 286
440 391
233 272
216 75
377 367
1 80
269 283
346 239
20 157
190 110
230 285
397 132
253 69
121 252
472 341
205 312
242 8
126 312
94 135
317 268
38 44
128 230
2 74
65 67
258 27
159 267
318 26
57 326
289 306
228 98
140 22
257 387
196 371
338 243
459 266
386 339
138 6
275 216
458 94
478 45
404 236
292 95
291 298
312 253
146 215
428 314
19 58
19 278
370 117
453 396
238 109
330 253
49 73
116 188
55 106
490 139
169 74
181 374
409 199
462 222
337 370
484 298
83 3
140 313
220 112
202 90
486 62
205 336
98 336
314 204
233 317
85 109
20 278
497 70
4 270
117 44
305 380
74 276
402 356
161 358
270 245
8 53
453 151
335 299
468 255
372 203
406 44
425 119
373 143
201 339
388 285
277 146
337 15
263 137
486 326
396 233
197 388
317 130
258 53
253 281
5 205
234 255
21 241
93 9
173 150
241 252
103 74
343 87
105 162
200 53
74 292
438 131
394 6
328 271
104 70
336 258
119 11
62 64
314 124
219 13
41 112
47 177
61 133
351 287
215 197
33 211
204 278
173 362
147 17
300 343
159 358
463 355
434 93
234 292
55 208
277 194
316 375
139 102
171 52
342 243
198 16
130 121
396 182
149 343
430 287
242 258
250 221
40 68
295 171
482 374
301 37
69 112
439 213
397 336
221 269
395 42
51 304
19 90
382 114
185 390
210 263
286 195
284 12
277 382
121 316
462 51
361 321
44 176
89 170
240 154
60 333
88 335
403 351
216 364
427 306
476 256
415 350
449 384
111 259
81 108
357 62
453 258
426 363
429 66
102 329
335 242
155 84
467 370
487 31
443 291
41 208
329 259
191 384
273 188
441 179
405 319
12 37
270 362
39 70
317 66
446 152
426 301
469 54
128 30
151 151
236 326
485 163
470 25
220 373
298 144
430 290
307 397
263 169
186 36
178 235
165 375
247 45
442 162
26 27
277 185
399 128
140 223
484 275
246 361
39 260
143 82
5 40
307 240
174 257
320 182
357 337
218 192
425 395
86 381
284 61
87 17
47 37
309 106
238 187
340 102
240 235
295 398
119 94
160 214
301 202
329 50
218 133
227 218
430 95
449 177
409 97
458 147
123 384
427 302
417 311
399 322
29 68
432 91
389 225
491 255
46 35
404 189
261 387
354 294
114 242
374 44
74 190
118 216
77 7
487 85
111 193
67 275
320 73
384 176
357 37
248 372
268 78
8 75
394 338
107 120
86 85
55 149
468 286
9 13
29 187
184 354
63 349
373 275
499 159
31 154
419 59
57 135
84 48
444 270
337 181
169 172
360 397
270 399
312 395
22 87
259 232
36 321
15 65
313 326
61 178
230 210
72 393
412 373
129 334
147 88
51 272
18 337
93 213
269 251
112 286
245 301
352 45
398 340
314 386
293 339
134 89
203 394
310 103
43 241
192 358
218 92
273 46
244 139
459 277
109 145
175 343
376 88
359 169
307 339
104 122
191 101
103 347
329 209
305 15
491 137
266 328
199 188
133 82
368 194
173 267
463 83
141 27
220 87
300 191
222 196
384 49
230 86
255 364
294 65
359 139
40 245
282 212
488 1
363 277
286 318
243 54
190 112
439 139
351 95
114 184
131 199
312 311
354 334
340 309
51 160
358 98
243 294
117 392
444 329
55 141
8 304
67 169
111 359
315 325
81 13
387 356
134 268
321 262
88 319
197 107
268 287
101 117
47 286
464 193
354 184
380 168
219 311
58 374
46 216
125 87
425 197
16 345
463 22
43 164
279 94
220 120
67 341
389 323
361 203
132 215
329 150
292 26
445 210
459 331
332 5
447 81
322 301
32 366
249 279
123 66
464 68
372 180
193 3
85 155
133 178
369 246
150 221
325 212
464 286
351 96
486 98
410 279
201 190
122 55
92 287
341 385
411 284
307 190
321 98
219 319
413 273
2 11
20 282
346 219
404 174
327 184
316 276
55 158
147 109
167 309
85 35
2 142
25 383
36 25
477 159
57 300
117 240
36 218
362 123
172 282
257 366
206 196
425 334
315 261
316 200
489 355
306 257
389 288
55 285
473 175
353 289
110 346
369 116
114 15
184 277
376 276
227 227
157 257
405 48
106 275
52 369
248 238
57 49
2 8
72 44
270 217
239 79
225 98
303 308
189 16
226 176
242 160
40 213
129 380
115 136
231 21
488 32
96 271
436 306
266 261
129 90
216 87
487 299
38 305
433 387
401 201
373 387
136 205
38 109
287 397
103 110
299 276
147 79
346 333
347 7
452 20
451 51
370 282
8 120
86 157
481 183
312 216
445 19
379 22
29 128
30 301
359 76
336 280
350 194
451 85
346 300
73 81
78 329
36 209
448 144
411 370
321 340
212 19
286 264
49 97
302 101
141 249
155 24
145 98
205 142
283 108
2 52
207 327
167 146
167 220
370 391
489 33
331 275
496 187
214 183
193 36
425 153
495 284
110 384
436 269
37 293
154 355
222 134
225 148
50 324
445 279
143 372
370 110
498 247
497 54
203 370
221 252
354 232
317 290
162 183
408 13
355 197
437 149
257 319
431 81
500 269
411 3
30 298
246 95
329 355
297 114
414 270
196 400
124 141
451 206
249 307
3 66
365 246
200 168
101 118
457 294
319 332
425 162
466 134
425 2
381 355
283 314
176 352
430 336
251 43
256 121
441 157
93 334
104 325
327 384
197 379
186 108
333 23
263 272
491 112
43 317
51 375
20 205
77 245
152 38
465 145
213 96
466 311
68 132
356 230
244 150
450 329
5 340
155 376
433 159
421 351
19 281
116 320
299 335
316 133
486 250
421 184
186 225
286 326
203 321
172 17
199 335
176 390
336 317
492 15
28 171
118 201
401 368
169 280
69 121
396 217
283 242
260 104
176 163
270 292
269 156
153 192
474 20
264 155
18 30
255 162
67 237
