2
18 6 
64
15 16 366
14 18 360
1 17 120
10 0 180
7 0 126
0 14 84
9 0 162
9 9 216
9 9 216
6 6 144
6 12 180
18 18 432
5 3 108
1 6 54
0 11 66
8 16 240
0 3 18
17 3 324
17 5 336
18 0 324
15 11 336
1 15 108
18 0 324
0 12 72
7 6 162
12 20 336
8 6 180
20 14 444
8 0 144
3 12 126
9 7 204
4 7 114
16 5 318
6 0 108
11 14 282
15 15 360
0 3 18
3 7 96
14 15 342
0 10 60
7 12 198
3 19 168
7 14 210
9 5 192
16 14 372
0 10 60
14 7 294
4 14 156
14 18 360
0 5 30
13 7 276
15 15 360
14 9 306
17 3 324
0 8 48
15 2 282
2 16 132
0 3 18
14 15 342
7 15 216
0 6 36
0 0 0
12 16 312
7 7 168
