3
14 8 6 
100
559 496 56  1123
126 630 452  7954
145 756 680  5758
871 627 688  5002
451 193 157  2602
319 509 214  3761
227 865 742  4954
212 354 9  8657
599 362 40  8030
723 663 710  7452
788 634 792  3435
689 122 736  8510
156 586 477  5889
478 116 294  6725
68 832 517  405
396 108 877  4629
397 630 428  3927
187 608 202  4655
698 670 112  8468
43 309 160  112
222 294 790  8846
680 54 436  6112
440 747 352  8045
895 646 716  5648
184 93 499  7343
9 351 843  8040
556 744 355  4945
838 881 510  7535
624 786 95  7917
153 816 717  656
71 546 44  1298
358 363 615  404
861 13 845  4592
173 6 730  1515
356 240 730  1844
487 859 221  9613
700 775 439  5313
96 885 525  6656
416 320 890  8816
122 75 828  8848
527 394 883  9601
207 575 32  9729
782 262 232  3298
147 637 836  6282
365 815 594  4076
351 771 717  6551
452 785 437  9213
108 876 737  4101
392 232 767  7198
851 693 600  4217
512 62 196  5998
810 860 552  6581
709 345 803  803
11 860 462  7901
12 850 27  6566
15 320 785  3611
127 146 543  3918
170 119 825  4862
427 44 415  1510
262 758 121  3597
843 92 25  6488
490 680 226  8292
446 874 167  9219
144 630 485  7305
638 872 759  9994
670 374 202  9039
146 410 321  7264
431 755 290  9687
756 758 369  1567
783 804 669  1487
107 861 434  343
339 811 814  9962
735 94 82  3306
311 149 706  8856
608 336 59  346
674 694 436  8835
179 323 89  2827
459 246 651  7500
708 579 708  8569
709 849 27  6331
737 569 332  5915
87 411 525  9284
213 297 657  3523
353 735 757  1432
347 390 892  6973
783 426 767  1644
327 339 798  3021
331 548 762  56
867 543 551  7006
683 429 719  2607
599 445 731  412
268 572 63  9915
210 305 51  9399
239 809 536  8919
465 679 868  9041
558 755 380  1090
774 165 536  344
217 75 854  8205
99 285 146  1668
867 427 632  1150
