0 5 3 0:0,
0 5 3 1:4,
0 5 3 2:4,
0 5 3 3:4,
0 5 3 4:4,
0 4 3 0:0,
0 4 3 1:4,
0 4 3 2:4,
0 4 3 3:4,
0 3 3 0:0,
0 3 3 1:4,
0 3 3 2:4,
0 2 3 0:0,
0 2 3 1:4,
0 1 3 0:0,
7 5 6 0:0,
7 5 6 1:6,
7 5 6 2:6,
7 5 6 3:6,
7 5 6 4:6,
7 4 6 0:0,
7 4 6 1:6,
7 4 6 2:6,
7 4 6 3:6,
7 3 6 0:0,
7 3 6 1:6,
7 3 6 2:6,
7 2 6 0:0,
7 2 6 1:8,
7 1 6 0:2,
7 5 5 0:6,
7 5 5 1:7,
7 5 5 2:7,
7 5 5 3:8,
7 5 5 4:8,
7 4 5 0:6,
7 4 5 1:7,
7 4 5 2:8,
7 4 5 3:8,
7 3 5 0:6,
7 3 5 1:9,
7 3 5 2:9,
7 2 5 0:8,
7 2 5 1:8,
7 1 5 0:2,
2 5 7 0:0,
2 5 7 1:2,
2 5 7 2:8,
2 5 7 3:9,
2 5 7 4:9,
2 4 7 0:0,
2 4 7 1:2,
2 4 7 2:8,
2 4 7 3:10,
2 3 7 0:0,
2 3 7 1:2,
2 3 7 2:9,
2 2 7 0:0,
2 2 7 1:3,
2 1 7 0:1,
2 5 4 0:9,
2 5 4 1:11,
2 5 4 2:11,
2 5 4 3:11,
2 5 4 4:11,
2 4 4 0:10,
2 4 4 1:10,
2 4 4 2:10,
2 4 4 3:10,
2 3 4 0:9,
2 3 4 1:9,
2 3 4 2:9,
2 2 4 0:3,
2 2 4 1:3,
2 1 4 0:1,
2 5 1 0:11,
2 5 1 1:12,
2 5 1 2:12,
2 5 1 3:12,
2 5 1 4:12,
2 4 1 0:10,
2 4 1 1:11,
2 4 1 2:11,
2 4 1 3:11,
2 3 1 0:9,
2 3 1 1:9,
2 3 1 2:9,
2 2 1 0:3,
2 2 1 1:3,
2 1 1 0:1,
0 5 2 0:4,
0 5 2 1:5,
0 5 2 2:7,
0 5 2 3:13,
0 5 2 4:13,
0 4 2 0:4,
0 4 2 1:5,
0 4 2 2:7,
0 4 2 3:9,
0 3 2 0:4,
0 3 2 1:5,
0 3 2 2:5,
0 2 2 0:4,
0 2 2 1:4,
0 1 2 0:0,