1383
1 3 4 5 6 7 9 10 11 12 13 14 15 16 17 18 21 22 23 24 26 27 28 30 31 33 34 35 36 37 38 39 40 41 42 43 44 45 46 47 48 49 50 51 52 53 54 57 58 59 60 61 62 63 64 65 66 67 68 69 70 71 72 73 75 76 77 78 79 80 81 82 83 84 85 86 87 88 89 90 91 92 93 94 95 96 97 98 99 100 
-14
-19
42
-48
0
43
-26
40
-40
39
50
-3
-8
-43
19
-44
-42
-13
-48
-22
29
43
-2
43
46
45
-48
15
0
1
10
36
33
1
39
-18
-6
-38
-28
5
-49
-29
-48
-7
-22
21
0
-13
-42
2
16
37
-6
-37
30
-11
-42
32
-46
8
-18
14
-6
-36
-35
-17
-3
10
-4
19
-36
-3
41
-34
40
-32
38
-11
6
46
42
-29
33
-15
-15
12
25
-7
-7
30
-50
26
-7
-5
41
9
28
-13
-32
-27
