100
40 17
47 17
42 17
57 42
40 9
17 23
40 55
57 65
57 88
57 26
95 23
17 77
77 8
17 54
47 14
33 42
47 76
93 65
78 95
17 89
52 76
76 81
58 14
75 42
54 62
39 14
65 96
93 24
62 46
40 43
15 40
26 60
11 8
45 52
24 20
74 55
44 14
29 8
58 37
51 52
28 65
94 17
93 49
24 63
81 61
47 80
30 81
98 30
5 26
44 6
10 63
41 47
76 87
49 64
23 82
15 50
65 92
71 33
21 77
35 92
12 71
31 88
90 21
85 46
57 1
97 82
82 99
74 69
13 52
48 52
62 84
89 34
38 33
73 89
25 96
13 68
86 90
29 3
75 79
2 90
91 45
76 18
79 36
16 40
100 96
3 72
7 34
27 79
53 24
98 67
39 70
36 56
83 8
66 69
53 32
47 59
4 42
22 59
63 19