(31,31) (30,31) (29,31) (29,30) (29,29) (28,28) (28,27) (27,27) (26,27) 
(26,26) (25,26) (25,28) (22,26) (24,29) (26,29) (21,25) (23,25) (21,24) 
(23,24) (23,30) (22,30) (21,28) (21,23) (23,23) (21,31) (20,21) (24,23) 
(20,20) (24,22) (25,24) (19,20) (26,24) (18,19) (18,21) (17,21) 
(16,21) (16,23) (18,23) (15,22) (15,24) (14,22) (14,24) (13,24) (13,27) 
(15,27) (13,28) (15,28) (12,28) (13,29) (15,29) (11,28) (16,30) (14,31) 
(11,29) (10,29) (9,29) (8,27) (12,30) (7,27) (7,26) (6,26) (6,25) (5,25)


(31,32,0) (32,31,0) (31,31,1) (30,32,0) (30,31,1) (29,31,2) (30,30,1)
 (29,30,2) (28,31,2) (29,29,3) (29,28,3) (28,28,4) (27,28,4) (28,27,5) 
 (27,27,5) (26,27,6) (25,27,6) (26,26,7) (24,27,6) (25,26,7) (25,28,7) 
 (23,27,6) (22,27,6) (22,26,7) (25,29,7) (24,29,8) (26,29,8) (22,25,7) 
 (21,25,8) (23,25,8) (22,24,7) (21,24,8) (23,24,8) (23,29,8) (22,29,8) 
 (23,30,9) (21,29,8) (22,30,9) (21,28,9) (24,25,8) (21,23,9) (23,23,9)
  (22,31,9) (21,31,10) (22,32,9) (21,22,9) (21,21,9) (20,21,10) (24,23,10) 
  (20,20,11) (25,23,10) (24,22,11) (25,24,11) (19,20,12) (26,24,12) (18,20,12) 
  (17,20,12) (18,19,13) (18,21,13) (17,21,13) (16,21,14) (17,22,13) (17,23,13) 
  (16,23,14) (18,23,14) (17,24,13) (15,21,14) (15,22,15) (15,23,14) (14,23,14) 
  (15,24,15) (14,22,15) (14,24,15) (13,24,16) (14,25,15) (14,26,15) (14,27,15) 
  (13,27,16) (15,27,16) (14,28,15) (13,28,16) (15,28,16) (12,27,16) (12,28,17) 
  (13,29,17) (15,29,17) (11,28,18) (15,30,17) (16,30,18) (15,31,17) (14,31,18)
  (15,32,17) (10,28,18) (11,29,19) (9,28,18) (10,29,19) (8,28,18)  (9,29,19)
  (8,27,19) (13,31,18) (11,30,19) (12,30,20) (9,30,19) (7,27,20) (7,26,21) 
  (6,26,22) (6,25,23) (5,25,24) (4,25,24)

  . B x
  x . .
  x . A
