1500 750
62193
6338
90049
55470
5015
97978
68344
51992
60918
81681
92600
78428
70196
96246
99139
46186
45258
58717
85531
74053
9730
67079
46125
94867
60554
63483
63580
73357
69625
21384
32191
31818
27721
38591
3639
49087
36569
88334
1079
13838
70014
93678
92265
56561
6276
7755
19098
67885
66471
4628
58290
76200
71707
4414
87418
32260
67897
50997
21968
37521
88732
54159
85690
32804
92749
5680
81891
45669
94013
82969
59507
80378
92998
51771
36938
99273
75878
72387
83510
58700
77015
41799
51252
65073
46212
38669
13684
30460
6018
35652
84333
94749
89810
86374
27553
98910
92054
25795
44579
86066
8763
4085
66444
1760
72207
19733
17385
64436
92120
894
23136
85486
59044
74387
50558
5255
29407
64241
52067
35424
99892
52751
46525
6053
39124
90429
21315
31177
16223
65893
33595
41337
86329
16390
59448
74887
52474
93184
39323
60945
10429
78810
46430
69472
69548
13339
91079
98954
93932
43145
50730
93823
95895
13606
16228
51370
4034
37542
98899
36608
19786
32493
77944
22466
65234
53743
97352
17707
46927
53026
78652
57355
31835
41433
26827
1382
54772
17905
16688
48703
77401
67417
58877
73295
97374
75104
41016
1407
28997
39914
54366
65134
88758
32309
87599
53991
2403
1303
71698
49329
54328
66701
6684
2515
8133
33510
20248
79256
67766
36935
44310
45166
20703
3187
34812
18076
94642
75827
35834
39991
15741
90199
5124
20850
38859
92723
74841
41262
94025
62890
90590
64704
45942
13625
67218
70426
63486
87466
49682
31251
40752
93991
76416
61455
13529
27579
95882
8171
3406
31716
48161
35498
38266
69636
56347
77125
78710
47539
34738
89086
10428
41679
53790
72721
55304
37359
43147
18789
24824
92828
66392
65576
3170
59159
43382
16699
86738
39263
41221
90143
87330
89381
41992
25596
75368
98338
19072
54078
62229
70161
43163
89008
11839
96952
61729
83494
34311
4875
18635
75486
14054
85026
57413
33575
60536
794
66625
47273
56409
7845
53767
43738
13577
95758
85685
88945
10448
21108
43022
89028
91268
86184
78035
3107
99488
39763
2952
50150
60989
21586
25635
91394
22963
99400
41321
83499
193
7945
30771
56601
15790
890
16691
29366
12999
2375
34662
23446
39835
77683
28825
31102
80219
6860
50560
96058
62974
53512
46207
40315
75097
88193
48060
98060
87592
89380
81558
4137
97325
28680
77089
29466
29569
93779
75183
42568
12506
9845
82365
52340
3879
11190
99793
449
34401
50353
96506
13726
3864
42712
54040
95312
47257
2100
9723
51200
7831
91280
55336
21507
36312
48777
67324
82232
58907
42507
41151
71412
68703
23516
40103
88933
51057
39896
89382
1809
6600
85887
15534
10463
44951
85926
22126
92207
88025
31849
59758
12207
39480
31446
33714
75791
80222
1037
74375
39128
59895
15525
26892
28597
39040
83346
17530
6448
39593
6911
24608
46192
9149
40142
73006
54099
26067
95132
62657
30443
43332
22415
42649
82811
53860
92714
74954
50433
93751
49328
5912
69997
64852
32803
98594
20244
32501
32475
43043
72093
55737
67651
34637
64885
7792
7642
35336
50210
19125
97992
97004
62456
36758
39652
45267
6969
48718
36572
57401
58820
85899
63313
28816
50750
12467
27409
87345
44967
76235
30388
33412
48323
98038
68048
13208
22181
92041
64895
88742
11166
62886
85745
73621
99644
41748
35239
6612
90465
71810
80365
49284
74060
43677
78100
24810
72495
21860
28506
17462
98095
58893
50873
46417
73282
35272
75976
95462
27312
40870
84203
54829
20108
86299
28450
36103
28047
80040
59066
18511
68202
39430
67795
42261
99458
62246
83422
71953
84105
11928
5766
98551
87172
72990
61320
60454
8261
53647
55915
51924
10869
56470
6753
30976
42768
51554
67078
87166
47945
26143
5677
16146
81925
89823
74759
97734
68420
58180
69686
68876
86459
91803
83779
73631
64792
45098
34084
89404
15096
6350
57680
25964
79171
64432
56939
38291
15985
40368
25456
80281
82863
47484
96427
81139
53658
71185
78872
38429
45716
64910
7305
48527
56712
91083
22157
37856
52532
72592
43611
67627
95293
1290
93591
74464
65721
66881
29106
98057
23601
70913
78338
6463
34749
91116
87601
88406
78652
66472
26835
24367
31381
50491
89245
4445
41573
27753
42300
94104
344
85910
78082
11989
87200
88024
2804
69272
54905
31909
83681
78505
2821
62018
1319
37569
53133
88919
42327
48136
71742
85513
72502
19475
36003
78099
40271
93927
5851
98922
88030
22547
84831
82463
34535
88382
70487
37338
74006
41743
69246
57686
20247
88418
36055
37917
42339
5539
43187
1017
53674
31280
86529
42527
50754
22531
20625
7376
16457
26476
6297
20838
49022
7480
19652
99908
12213
90138
37245
86218
31880
22842
60255
68478
27611
96309
22746
69949
18199
65932
70965
71872
97212
73845
14399
64317
12727
51375
71693
45535
94202
94341
82724
59575
1820
2376
59482
14033
92513
96726
16602
40745
35919
76857
25574
63530
89517
48320
49830
7716
14251
37147
95939
11462
10991
10337
92131
23718
78064
80175
85604
72265
74515
68328
31840
76335
70703
91321
6719
79567
4399
23320
20311
40317
16528
45885
20198
22397
94204
70028
30112
24806
7174
26050
52620
34516
52739
44750
74585
47154
24924
60189
19418
99438
28516
67609
92124
99218
58930
98842
78784
79680
38514
15447
19996
71393
77683
40194
93789
88238
26573
40252
13043
50098
82654
82014
84613
35392
26763
59198
98897
68038
35738
18314
83828
64253
85923
92303
79822
61204
91145
74957
40883
46010
6755
77230
17402
84437
33775
27543
89026
60347
67794
2069
10444
50447
84082
11409
2190
27197
86958
1086
11586
22695
35752
95413
3299
38026
87716
99472
99229
95212
90780
56463
57573
97535
33692
91326
98323
67467
18868
87349
44165
3014
5769
70961
69812
6202
82369
72002
33398
69326
89439
61336
8372
25190
73100
11670
63215
77167
27493
78795
88730
18272
35257
46302
32158
68949
53980
30481
52767
89199
34181
13283
92212
39949
84243
62024
46150
82963
50377
95900
68640
39815
73587
77011
81357
46686
5032
60923
23853
32524
56070
28934
50796
91326
75236
82953
76626
45567
29785
45744
34765
63965
59027
26977
20265
59621
5352
66415
58936
55728
78666
27575
11894
52252
20938
9602
15289
25969
86877
55493
58493
42946
84427
25640
50623
59662
24944
27249
21580
54729
72992
56344
35045
48370
99672
55310
7991
5023
38076
66926
77102
33093
94500
5348
85344
31789
31301
16984
57758
18177
72477
32602
77474
56903
58241
28097
32916
83184
55345
54495
54264
28336
10838
89309
93058
26862
60970
1048
31884
99045
67973
25338
32137
78824
47037
33832
10613
78337
50815
84722
12866
39643
17323
90339
96545
91915
18435
29460
91450
73779
83954
45714
18467
11144
51374
11524
38005
28695
28923
86240
44091
13247
27929
76227
92070
74965
26410
19034
69654
93576
20107
82519
33219
37429
72857
29763
45695
91292
75575
37145
81422
75880
99210
16240
87023
66935
44115
25027
95629
73037
27619
39719
86283
55547
32297
94705
30512
58706
30090
165
68633
50197
99035
18203
3977
71891
64318
49672
79534
39892
86816
77308
15771
86025
93547
2794
69311
37662
44172
64939
27050
71790
21009
13333
27337
53305
24389
74200
28362
54478
90716
13346
4674
89750
31549
8651
77992
95866
58322
73878
35757
61489
51185
51527
63865
61083
70672
33175
98744
31196
14465
42146
2985
35473
55478
46673
5129
96218
37224
33490
50695
44291
46835
71721
50392
94735
96723
28384
90600
71396
2261
26356
32884
69797
94235
13100
30879
81258
62626
45975
12453
77090
88120
31790
28914
59949
94814
34042
72518
32038
83883
23212
76328
47069
11284
26720
41804
8006
71455
32403
95753
90067
75111
44988
59863
85697
58087
7093
83306
20712
69419
95759
14153
57538
43900
43066
33838
38713
93459
6355
87102
77341
45919
79782
24410
57202
22853
82565
81560
94307
31319
77312
725
6429
22300
76939
8477
96738
84031
91783
17450
53450
3893
47954
27339
47792
91020
77529
2856
830
235
6310
78171
46153
86091
18932
19707
8943
1496
1266
3249
32814
94929
20325
55595
33580
97263
64071
30318
81293
72205
64119
51094
92449
12072
94785
56592
19443
72313
59448
20273
72547
65757
14795
35052
68199
33726
54758
77141
51573
72375
96741
738
83655
17065
56332
17235
14327
36755
47552
11971
25311
28022
79417
17760
40093
74201
74351
75888
46513
50150
96160
35411
15906
27306
70462
456
61031
41571
77596
12603
13945
90688
29692
97600
24104
86024
31186
54782
39130
95089
66753
64440
23110
46169
98551
79554
36721
72902
55441
99585
23051
67952
34995
55309
95257
21809
55764
56287
63379
49712
85241
93676
56751
14933
7627
80855
17308
38812
35636
72789
33900
18740
53580
73361
81260
52131
52914
17980
25032
8355
33916
48082
76306
68911
19742
87915
90719
75506
44201
70449
41569
45794
80476
98319
77078
88102
95525
10737
43265
31161
83525
93516
66252
37104
66876
63864
89234
19790
98195
30617
28144
32111
95051
20801
1021
14792
8715
8091
6649
69268
94891
64569
31413
75367
62888
8490
79820
58412
35578
23085
5924
19102
32952
88528
72557
99828
52391
78143
19617
50585
25111
64112
82695
20161
1264
67
51305
26331
24509
74305
95598
19400
38874
43362
11118
18113
51851
90937
92876
3780
30373
98800
39233
63325
3679
11789
79504
56069
6283
99120
23005
31394
79583
22052
67906
97198
38470
19210
23528
62979
9867
35477
98730
48740
78838
26199
66852
30688
33487
59727
50819
63860
74878
90051
43536
78556
18192
23039
50976
24474
38510
90333
72219
34444
12384
40125
31641
67205
75686
55169
30183
85552
90645
45264
